13579bdf 3b92dc1c 00000000 5a5a5a5b 00000000 00000000 00000000 00000000 00000000 00000000 00000000 00000000 00000000 00000000 00000000 00000000
13579be0 99cb56d7 00000010 5a5a5a48 00000000 00000000 00000000 00000000 00000000 00000000 00000000 00000000 00000000 00000000 00000000 00000000
13579be1 7f03c88e 00000020 5a5a5a79 00000000 00000000 00000000 00000000 00000000 00000000 00000000 00000000 00000000 00000000 00000000 00000000
13579be2 dd784341 00000030 5a5a5a6e 00000000 00000000 00000000 00000000 00000000 00000000 00000000 00000000 00000000 00000000 00000000 00000000
13579be3 b2b0c538 00000040 5a5a5a1f 00000000 00000000 00000000 00000000 00000000 00000000 00000000 00000000 00000000 00000000 00000000 00000000
13579be6 10e97ff3 00000050 5a5a5a0c 00000000 00000000 00000000 00000000 00000000 00000000 00000000 00000000 00000000 00000000 00000000 00000000
93579bdf f621f1aa 00000060 5a5a5a3d 00000000 00000000 00000000 00000000 00000000 00000000 00000000 00000000 00000000 00000000 00000000 00000000
13579bde 541e686d 00000070 5a5a5a22 00000000 00000000 00000000 00000000 00000000 00000000 00000000 00000000 00000000 00000000 00000000 00000000
13579bdf 2a56e224 00000080 5a5a5ad3 00000000 00000000 00000000 00000000 00000000 00000000 00000000 00000000 00000000 00000000 00000000 00000000
13579be0 8b8f649f 00000090 5a5a5ac0 00000000 00000000 00000000 00000000 00000000 00000000 00000000 00000000 00000000 00000000 00000000 00000000
13579be1 69c79f56 000000a0 5a5a5af1 00000000 00000000 00000000 00000000 00000000 00000000 00000000 00000000 00000000 00000000 00000000 00000000
13579be2 cf3c1109 000000b0 5a5a5ae6 00000000 00000000 00000000 00000000 00000000 00000000 00000000 00000000 00000000 00000000 00000000 00000000
13579be3 ad748bc0 000000c0 5a5a5a97 00000000 00000000 00000000 00000000 00000000 00000000 00000000 00000000 00000000 00000000 00000000 00000000
13579be6 02ad0dbb 000000d0 5a5a5a84 00000000 00000000 00000000 00000000 00000000 00000000 00000000 00000000 00000000 00000000 00000000 00000000
93579bdf e0e58472 000000e0 5a5a5ab5 00000000 00000000 00000000 00000000 00000000 00000000 00000000 00000000 00000000 00000000 00000000 00000000
13579bde 46d23e35 000000f0 5a5a5b5a 00000000 00000000 00000000 00000000 00000000 00000000 00000000 00000000 00000000 00000000 00000000 00000000
13579bdf 240ab0ec 00000100 5a5a5b4b 00000000 00000000 00000000 00000000 00000000 00000000 00000000 00000000 00000000 00000000 00000000 00000000
13579be0 ba432aa7 00000110 5a5a5b78 00000000 00000000 00000000 00000000 00000000 00000000 00000000 00000000 00000000 00000000 00000000 00000000
13579be1 1bbbad1e 00000120 5a5a5b69 00000000 00000000 00000000 00000000 00000000 00000000 00000000 00000000 00000000 00000000 00000000 00000000
13579be2 f9f027d1 00000130 5a5a5b1e 00000000 00000000 00000000 00000000 00000000 00000000 00000000 00000000 00000000 00000000 00000000 00000000
13579be3 5f295988 00000140 5a5a5b0f 00000000 00000000 00000000 00000000 00000000 00000000 00000000 00000000 00000000 00000000 00000000 00000000
13579be6 3d61d043 00000150 5a5a5b3c 00000000 00000000 00000000 00000000 00000000 00000000 00000000 00000000 00000000 00000000 00000000 00000000
93579bdf 935e4a3a 00000160 5a5a5b2d 00000000 00000000 00000000 00000000 00000000 00000000 00000000 00000000 00000000 00000000 00000000 00000000
13579bde 7096ccfd 00000170 5a5a5bd2 00000000 00000000 00000000 00000000 00000000 00000000 00000000 00000000 00000000 00000000 00000000 00000000
13579bdf d6cf46b4 00000180 5a5a5bc3 00000000 00000000 00000000 00000000 00000000 00000000 00000000 00000000 00000000 00000000 00000000 00000000
13579be0 b407f96f 00000190 5a5a5bf0 00000000 00000000 00000000 00000000 00000000 00000000 00000000 00000000 00000000 00000000 00000000 00000000
13579be1 0a7c7326 000001a0 5a5a5be1 00000000 00000000 00000000 00000000 00000000 00000000 00000000 00000000 00000000 00000000 00000000 00000000
13579be2 ebb4f599 000001b0 5a5a5b96 00000000 00000000 00000000 00000000 00000000 00000000 00000000 00000000 00000000 00000000 00000000 00000000
13579be3 49ed6c50 000001c0 5a5a5b87 00000000 00000000 00000000 00000000 00000000 00000000 00000000 00000000 00000000 00000000 00000000 00000000
13579be6 2f25e60b 000001d0 5a5a5bb4 00000000 00000000 00000000 00000000 00000000 00000000 00000000 00000000 00000000 00000000 00000000 00000000
93579bdf 8d1218c2 000001e0 5a5a5ba5 00000000 00000000 00000000 00000000 00000000 00000000 00000000 00000000 00000000 00000000 00000000 00000000
13579bde 634a9285 000001f0 5a5a584a 00000000 00000000 00000000 00000000 00000000 00000000 00000000 00000000 00000000 00000000 00000000 00000000
