00000044 00000000 00000000 00000000 abcd7e00 12347e00 00000000 00000000 00000000 00000000 00000000 00000000 00000000 00000000 00000000 00000000
000000e1 00000000 00000000 00000000 abcd3c00 1234fc00 00000000 00000000 00000000 00000000 00000000 00000000 00000000 00000000 00000000 00000000
000000c8 00000000 00000000 00000000 abcd8000 1234fe01 00000000 00000000 00000000 00000000 00000000 00000000 00000000 00000000 00000000 00000000
00000093 00000000 00000000 00000000 abcd0000 12340000 00000000 00000000 00000000 00000000 00000000 00000000 00000000 00000000 00000000 00000000
000000e8 00000000 00000000 00000000 abcd7c00 12340001 00000000 00000000 00000000 00000000 00000000 00000000 00000000 00000000 00000000 00000000
00000164 00000000 00000000 00000000 abcdfc00 12343c00 00000000 00000000 00000000 00000000 00000001 00000000 00000000 00000000 00000000 00000000
000000e8 00000000 00000000 00000000 abcdbc00 1234bc00 00000000 00000000 00000000 00000000 00000000 00000000 00000000 00000000 00000000 00000000
000000e8 00000000 00000000 00000000 abcd3c00 1234c000 00000000 00000000 00000000 00000000 00000000 00000000 00000000 00000000 00000000 00000000
000000e1 00000000 00000000 00000000 abcd0001 1234fc00 00000000 00000000 00000000 00000000 00000000 00000000 00000000 00000000 00000000 00000000
000000b1 00000000 00000000 00000000 abcd4248 1234c248 00000000 00000000 00000000 00000000 00000000 00000000 00000000 00000000 00000000 00000000
00000044 00000000 00000000 00000000 abcdfe01 12340000 00000000 00000000 00000000 00000000 00000000 00000000 00000000 00000000 00000000 00000000
00000160 00000000 00000000 00000000 abcdc000 1234bc00 00000000 00000000 00000000 00000000 00000001 00000000 00000000 00000000 00000000 00000000
00000044 00000000 00000000 00000000 abcd7e00 1234bc00 00000000 00000000 00000000 00000000 00000000 00000000 00000000 00000000 00000000 00000000
000000c1 00000000 00000000 00000000 abcd3c00 12343c00 00000000 00000000 00000000 00000000 00000000 00000000 00000000 00000000 00000000 00000000
000000c8 00000000 00000000 00000000 abcd8000 12344000 00000000 00000000 00000000 00000000 00000000 00000000 00000000 00000000 00000000 00000000
00000064 00000000 00000000 00000000 abcd0000 1234fc00 00000000 00000000 00000000 00000000 00000000 00000000 00000000 00000000 00000000 00000000
000000e8 00000000 00000000 00000000 abcd7c00 12344248 00000000 00000000 00000000 00000000 00000000 00000000 00000000 00000000 00000000 00000000
00000164 00000000 00000000 00000000 abcdfc00 12348000 00000000 00000000 00000000 00000000 00000001 00000000 00000000 00000000 00000000 00000000
00000098 00000000 00000000 00000000 abcdbc00 12343c00 00000000 00000000 00000000 00000000 00000000 00000000 00000000 00000000 00000000 00000000
000000c1 00000000 00000000 00000000 abcd3c00 12347e00 00000000 00000000 00000000 00000000 00000000 00000000 00000000 00000000 00000000 00000000
00000060 00000000 00000000 00000000 abcd0001 1234fc00 00000000 00000000 00000000 00000000 00000000 00000000 00000000 00000000 00000000 00000000
00000040 00000000 00000000 00000000 abcd4248 1234fe01 00000000 00000000 00000000 00000000 00000000 00000000 00000000 00000000 00000000 00000000
00000044 00000000 00000000 00000000 abcdfe01 12340000 00000000 00000000 00000000 00000000 00000000 00000000 00000000 00000000 00000000 00000000
00000164 00000000 00000000 00000000 abcdc000 12340001 00000000 00000000 00000000 00000000 00000001 00000000 00000000 00000000 00000000 00000000
00000044 00000000 00000000 00000000 abcd7e00 12340000 00000000 00000000 00000000 00000000 00000000 00000000 00000000 00000000 00000000 00000000
000000b3 00000000 00000000 00000000 abcd3c00 1234bc00 00000000 00000000 00000000 00000000 00000000 00000000 00000000 00000000 00000000 00000000
000000c3 00000000 00000000 00000000 abcd8000 1234fe00 00000000 00000000 00000000 00000000 00000000 00000000 00000000 00000000 00000000 00000000
00000040 00000000 00000000 00000000 abcd0000 12347c00 00000000 00000000 00000000 00000000 00000000 00000000 00000000 00000000 00000000 00000000
000000c1 00000000 00000000 00000000 abcd7c00 12347e01 00000000 00000000 00000000 00000000 00000000 00000000 00000000 00000000 00000000 00000000
00000164 00000000 00000000 00000000 abcdfc00 12348000 00000000 00000000 00000000 00000000 00000001 00000000 00000000 00000000 00000000 00000000
00000164 00000000 00000000 00000000 abcdbc00 12348001 00000000 00000000 00000000 00000000 00000001 00000000 00000000 00000000 00000000 00000000
000000b1 00000000 00000000 00000000 abcd3c00 1234bc00 00000000 00000000 00000000 00000000 00000000 00000000 00000000 00000000 00000000 00000000
