00000000 00000000 00000000 00000000
00000000 00000000 00000000 00000000
00000000 00000000 00000001 00000000
ffffffff ffffffff ffffffff ffffffff
ffffffff ffffffff 00000001 00000000
00000001 00000000 ffffffff 00000000
ffffffff 00000000 ffffffff 00000000
00000001 00000000 00000000 00000001
00000000 00000001 00000000 00000001
00000001 00000000 ffffffff 7fffffff
00000000 80000000 00000000 80000000
00000000 80000000 00000000 80000000
00000000 80000000 ffffffff 7fffffff
00000000 80000000 00000000 80000000
fffffffe ffffffff fffffffe ffffffff
fffffffe ffffffff ffffffff ffffffff
00000005 00000000 00000005 00000000
00000004 00000000 00000005 00000000
00000004 00000000 00000004 00000000
ffffffff ffffffff 00000000 00000000
ffffffff ffffffff ffffffff ffffffff
87654321 0fedcba9 9abcdef0 12345678
87654321 0fedcba9 87654321 0fedcba9
cafebabe deadbeef cafebabe deadbeef
cafebabe deadbeef ffffffff 00000000
00000000 ffffffff 00000000 ffffffff
00000006 00000000 00000006 00000000
00000006 00000000 00000000 00000001
00000001 80000000 00000001 80000000
00000002 00000000 00000003 00000000
00000002 00000000 00000002 00000000
aaaaaaaa aaaaaaaa aaaaaaaa aaaaaaaa
00000000 00000000 00000000 00000000
00000000 00000000 00000000 00000000
00000000 00000000 00000000 00000000
00000000 00000000 00000000 00000000
00000000 00000000 00000000 00000000
00000000 00000000 00000000 00000000
00000000 00000000 00000000 00000000
00000000 00000000 00000000 00000000
00000000 00000000 00000000 00000000
00000000 00000000 00000000 00000000
00000000 00000000 00000000 00000000
00000000 00000000 00000000 00000000
00000000 00000000 00000000 00000000
00000000 00000000 00000000 00000000
00000000 00000000 00000000 00000000
00000000 00000000 00000000 00000000
00000000 00000000 00000000 00000000
00000000 00000000 00000000 00000000
00000000 00000000 00000000 00000000
00000000 00000000 00000000 00000000
00000000 00000000 00000000 00000000
00000000 00000000 00000000 00000000
00000000 00000000 00000000 00000000
00000000 00000000 00000000 00000000
00000000 00000000 00000000 00000000
00000000 00000000 00000000 00000000
00000000 00000000 00000000 00000000
00000000 00000000 00000000 00000000
00000000 00000000 00000000 00000000
00000000 00000000 00000000 00000000
00000000 00000000 00000000 00000000
00000000 00000000 00000000 00000000
