00000000 00000000 00000000 00000000
00000001 00000000 00000000 00000000
00000001 00000000 00000000 00000000
fffffffe ffffffff 00000000 00000000
fffffffe ffffffff 00000000 00000000
fffffffe 00000000 00000000 00000000
00000000 00000000 00000000 00000000
00000001 00000001 00000000 00000000
00000000 00000000 00000000 00000000
fffffffe 7fffffff 00000000 00000000
00000001 80000000 00000000 00000000
00000000 00000000 00000000 00000000
ffffffff ffffffff 00000000 00000000
ffffffff ffffffff 00000000 00000000
00000001 00000000 00000000 00000000
00000001 00000000 00000000 00000000
00000000 00000000 00000000 00000000
00000001 00000000 00000000 00000000
00000001 00000000 00000000 00000000
ffffffff ffffffff 00000000 00000000
ffffffff ffffffff 00000000 00000000
1dd99dd1 1dd99dd1 00000000 00000000
1dd99dd1 1dd99dd1 00000000 00000000
35014541 deadbeef 00000000 00000000
35014541 deadbeef 00000000 00000000
ffffffff ffffffff 00000000 00000000
00000006 00000001 00000000 00000000
00000006 00000001 00000000 00000000
fffffffe 7fffffff 00000000 00000000
00000001 00000000 00000000 00000000
00000001 00000000 00000000 00000000
ffffffff ffffffff 00000000 00000000
00000000 00000000 00000000 00000000
00000000 00000000 00000000 00000000
00000000 00000000 00000000 00000000
00000000 00000000 00000000 00000000
00000000 00000000 00000000 00000000
00000000 00000000 00000000 00000000
00000000 00000000 00000000 00000000
00000000 00000000 00000000 00000000
00000000 00000000 00000000 00000000
00000000 00000000 00000000 00000000
00000000 00000000 00000000 00000000
00000000 00000000 00000000 00000000
00000000 00000000 00000000 00000000
00000000 00000000 00000000 00000000
00000000 00000000 00000000 00000000
00000000 00000000 00000000 00000000
00000000 00000000 00000000 00000000
00000000 00000000 00000000 00000000
00000000 00000000 00000000 00000000
00000000 00000000 00000000 00000000
00000000 00000000 00000000 00000000
00000000 00000000 00000000 00000000
00000000 00000000 00000000 00000000
00000000 00000000 00000000 00000000
00000000 00000000 00000000 00000000
00000000 00000000 00000000 00000000
00000000 00000000 00000000 00000000
00000000 00000000 00000000 00000000
00000000 00000000 00000000 00000000
00000000 00000000 00000000 00000000
00000000 00000000 00000000 00000000
00000000 00000000 00000000 00000000
