00000000 00000000 00000000 00000000
ffffffff ffffffff 00000000 00000000
00000001 00000000 00000001 00000000
fffffffe ffffffff ffffffff ffffffff
00000002 00000000 00000001 00000000
fffffffe 00000000 ffffffff 00000000
00000000 00000000 ffffffff 00000000
ffffffff 00000000 00000000 00000001
00000000 00000000 00000000 00000001
fffffffe 7fffffff ffffffff 7fffffff
ffffffff 7fffffff 00000000 80000000
00000000 00000000 00000000 80000000
ffffffff ffffffff ffffffff 7fffffff
00000001 00000000 00000000 80000000
ffffffff ffffffff fffffffe ffffffff
00000001 00000000 ffffffff ffffffff
00000000 00000000 00000005 00000000
00000001 00000000 00000005 00000000
ffffffff ffffffff 00000004 00000000
00000001 00000000 00000000 00000000
ffffffff ffffffff ffffffff ffffffff
13579bcf 02468acf 9abcdef0 12345678
eca86431 fdb97530 87654321 0fedcba9
cafebabf deadbeee cafebabe deadbeef
35014541 21524111 ffffffff 00000000
00000001 fffffffe 00000000 ffffffff
00000006 ffffffff 00000006 00000000
fffffffa 00000000 00000000 00000001
00000002 80000000 00000001 80000000
00000001 00000000 00000003 00000000
ffffffff ffffffff 00000002 00000000
55555555 55555555 aaaaaaaa aaaaaaaa
00000000 00000000 00000000 00000000
00000000 00000000 00000000 00000000
00000000 00000000 00000000 00000000
00000000 00000000 00000000 00000000
00000000 00000000 00000000 00000000
00000000 00000000 00000000 00000000
00000000 00000000 00000000 00000000
00000000 00000000 00000000 00000000
00000000 00000000 00000000 00000000
00000000 00000000 00000000 00000000
00000000 00000000 00000000 00000000
00000000 00000000 00000000 00000000
00000000 00000000 00000000 00000000
00000000 00000000 00000000 00000000
00000000 00000000 00000000 00000000
00000000 00000000 00000000 00000000
00000000 00000000 00000000 00000000
00000000 00000000 00000000 00000000
00000000 00000000 00000000 00000000
00000000 00000000 00000000 00000000
00000000 00000000 00000000 00000000
00000000 00000000 00000000 00000000
00000000 00000000 00000000 00000000
00000000 00000000 00000000 00000000
00000000 00000000 00000000 00000000
00000000 00000000 00000000 00000000
00000000 00000000 00000000 00000000
00000000 00000000 00000000 00000000
00000000 00000000 00000000 00000000
00000000 00000000 00000000 00000000
00000000 00000000 00000000 00000000
00000000 00000000 00000000 00000000
