00000000 00000000 00000000 00000000
00000001 00000000 00000000 00000000
00000000 00000000 00000000 00000000
00000001 00000000 00000000 00000000
00000000 00000000 00000000 00000000
00000001 00000000 00000000 00000000
fffffffe 00000000 00000000 00000000
00000001 00000000 00000000 00000000
ffffffff 00000000 00000000 00000000
00000001 00000000 00000000 00000000
00000001 00000000 00000000 00000000
ffffffff 7fffffff 00000000 00000000
fffffffe 7fffffff 00000000 00000000
ffffffff 7fffffff 00000000 00000000
fffffffd ffffffff 00000000 00000000
fffffffe ffffffff 00000000 00000000
00000004 00000000 00000000 00000000
00000004 00000000 00000000 00000000
00000003 00000000 00000000 00000000
ffffffff ffffffff 00000000 00000000
00000000 00000000 00000000 00000000
87654321 0fedcba9 00000000 00000000
87654320 0fedcba9 00000000 00000000
ffffffff 00000000 00000000 00000000
fffffffe 00000000 00000000 00000000
ffffffff 00000000 00000000 00000000
00000005 00000000 00000000 00000000
00000006 00000000 00000000 00000000
00000000 80000000 00000000 00000000
00000002 00000000 00000000 00000000
00000001 00000000 00000000 00000000
55555555 55555555 00000000 00000000
00000000 00000000 00000000 00000000
00000000 00000000 00000000 00000000
00000000 00000000 00000000 00000000
00000000 00000000 00000000 00000000
00000000 00000000 00000000 00000000
00000000 00000000 00000000 00000000
00000000 00000000 00000000 00000000
00000000 00000000 00000000 00000000
00000000 00000000 00000000 00000000
00000000 00000000 00000000 00000000
00000000 00000000 00000000 00000000
00000000 00000000 00000000 00000000
00000000 00000000 00000000 00000000
00000000 00000000 00000000 00000000
00000000 00000000 00000000 00000000
00000000 00000000 00000000 00000000
00000000 00000000 00000000 00000000
00000000 00000000 00000000 00000000
00000000 00000000 00000000 00000000
00000000 00000000 00000000 00000000
00000000 00000000 00000000 00000000
00000000 00000000 00000000 00000000
00000000 00000000 00000000 00000000
00000000 00000000 00000000 00000000
00000000 00000000 00000000 00000000
00000000 00000000 00000000 00000000
00000000 00000000 00000000 00000000
00000000 00000000 00000000 00000000
00000000 00000000 00000000 00000000
00000000 00000000 00000000 00000000
00000000 00000000 00000000 00000000
00000000 00000000 00000000 00000000
