00000000 00000000 00000000 00000000
00000001 00000000 00000000 00000000
00000001 00000000 00000000 00000000
ffffffff ffffffff 00000000 00000000
ffffffff ffffffff 00000000 00000000
ffffffff 00000000 00000000 00000000
ffffffff 00000000 00000000 00000000
00000000 00000001 00000000 00000000
00000000 00000001 00000000 00000000
ffffffff 7fffffff 00000000 00000000
00000000 80000000 00000000 00000000
00000000 80000000 00000000 00000000
00000000 80000000 00000000 00000000
00000000 80000000 00000000 00000000
ffffffff ffffffff 00000000 00000000
ffffffff ffffffff 00000000 00000000
00000005 00000000 00000000 00000000
00000005 00000000 00000000 00000000
00000005 00000000 00000000 00000000
ffffffff ffffffff 00000000 00000000
ffffffff ffffffff 00000000 00000000
9abcdef0 12345678 00000000 00000000
9abcdef0 12345678 00000000 00000000
cafebabe deadbeef 00000000 00000000
cafebabe deadbeef 00000000 00000000
00000000 ffffffff 00000000 00000000
00000000 00000001 00000000 00000000
00000000 00000001 00000000 00000000
ffffffff ffffffff 00000000 00000000
00000003 00000000 00000000 00000000
00000003 00000000 00000000 00000000
aaaaaaaa aaaaaaaa 00000000 00000000
00000000 00000000 00000000 00000000
00000000 00000000 00000000 00000000
00000000 00000000 00000000 00000000
00000000 00000000 00000000 00000000
00000000 00000000 00000000 00000000
00000000 00000000 00000000 00000000
00000000 00000000 00000000 00000000
00000000 00000000 00000000 00000000
00000000 00000000 00000000 00000000
00000000 00000000 00000000 00000000
00000000 00000000 00000000 00000000
00000000 00000000 00000000 00000000
00000000 00000000 00000000 00000000
00000000 00000000 00000000 00000000
00000000 00000000 00000000 00000000
00000000 00000000 00000000 00000000
00000000 00000000 00000000 00000000
00000000 00000000 00000000 00000000
00000000 00000000 00000000 00000000
00000000 00000000 00000000 00000000
00000000 00000000 00000000 00000000
00000000 00000000 00000000 00000000
00000000 00000000 00000000 00000000
00000000 00000000 00000000 00000000
00000000 00000000 00000000 00000000
00000000 00000000 00000000 00000000
00000000 00000000 00000000 00000000
00000000 00000000 00000000 00000000
00000000 00000000 00000000 00000000
00000000 00000000 00000000 00000000
00000000 00000000 00000000 00000000
00000000 00000000 00000000 00000000
