00000000 00000000 00000000 00000000
00000001 00000000 00000000 00000000
00000001 00000000 00000000 00000000
00000001 00000000 00000000 00000000
00000001 00000000 00000000 00000000
ffffffff 00000000 00000000 00000000
ffffffff 00000000 00000000 00000000
00000000 00000001 00000000 00000000
00000000 00000001 00000000 00000000
ffffffff 7fffffff 00000000 00000000
00000001 00000000 00000000 00000000
00000000 80000000 00000000 00000000
ffffffff 7fffffff 00000000 00000000
ffffffff 7fffffff 00000000 00000000
ffffffff ffffffff 00000000 00000000
ffffffff ffffffff 00000000 00000000
00000005 00000000 00000000 00000000
00000005 00000000 00000000 00000000
00000005 00000000 00000000 00000000
00000000 00000000 00000000 00000000
00000000 00000000 00000000 00000000
9abcdef0 12345678 00000000 00000000
9abcdef0 12345678 00000000 00000000
ffffffff 00000000 00000000 00000000
ffffffff 00000000 00000000 00000000
ffffffff 00000000 00000000 00000000
00000000 00000001 00000000 00000000
00000000 00000001 00000000 00000000
ffffffff ffffffff 00000000 00000000
00000003 00000000 00000000 00000000
00000003 00000000 00000000 00000000
55555555 55555555 00000000 00000000
00000000 00000000 00000000 00000000
00000000 00000000 00000000 00000000
00000000 00000000 00000000 00000000
00000000 00000000 00000000 00000000
00000000 00000000 00000000 00000000
00000000 00000000 00000000 00000000
00000000 00000000 00000000 00000000
00000000 00000000 00000000 00000000
00000000 00000000 00000000 00000000
00000000 00000000 00000000 00000000
00000000 00000000 00000000 00000000
00000000 00000000 00000000 00000000
00000000 00000000 00000000 00000000
00000000 00000000 00000000 00000000
00000000 00000000 00000000 00000000
00000000 00000000 00000000 00000000
00000000 00000000 00000000 00000000
00000000 00000000 00000000 00000000
00000000 00000000 00000000 00000000
00000000 00000000 00000000 00000000
00000000 00000000 00000000 00000000
00000000 00000000 00000000 00000000
00000000 00000000 00000000 00000000
00000000 00000000 00000000 00000000
00000000 00000000 00000000 00000000
00000000 00000000 00000000 00000000
00000000 00000000 00000000 00000000
00000000 00000000 00000000 00000000
00000000 00000000 00000000 00000000
00000000 00000000 00000000 00000000
00000000 00000000 00000000 00000000
00000000 00000000 00000000 00000000
