00000000 00000000 00000000 00000000
00000001 00000000 00000000 00000000
00000001 00000000 00000001 00000000
00000000 00000000 ffffffff ffffffff
00000000 00000000 00000001 00000000
00000000 00000001 ffffffff 00000000
fffffffe 00000001 ffffffff 00000000
00000001 00000001 00000000 00000001
00000000 00000002 00000000 00000001
00000000 80000000 ffffffff 7fffffff
00000001 80000000 00000000 80000000
00000000 00000000 00000000 80000000
ffffffff ffffffff ffffffff 7fffffff
ffffffff ffffffff 00000000 80000000
fffffffd ffffffff fffffffe ffffffff
fffffffd ffffffff ffffffff ffffffff
0000000a 00000000 00000005 00000000
00000009 00000000 00000005 00000000
00000009 00000000 00000004 00000000
ffffffff ffffffff 00000000 00000000
ffffffff ffffffff ffffffff ffffffff
22222211 22222222 9abcdef0 12345678
22222211 22222222 87654321 0fedcba9
cafebabd deadbef0 cafebabe deadbeef
cafebabd deadbef0 ffffffff 00000000
ffffffff ffffffff 00000000 ffffffff
00000006 00000001 00000006 00000000
00000006 00000001 00000000 00000001
00000000 80000000 00000001 80000000
00000005 00000000 00000003 00000000
00000005 00000000 00000002 00000000
ffffffff ffffffff aaaaaaaa aaaaaaaa
00000000 00000000 00000000 00000000
00000000 00000000 00000000 00000000
00000000 00000000 00000000 00000000
00000000 00000000 00000000 00000000
00000000 00000000 00000000 00000000
00000000 00000000 00000000 00000000
00000000 00000000 00000000 00000000
00000000 00000000 00000000 00000000
00000000 00000000 00000000 00000000
00000000 00000000 00000000 00000000
00000000 00000000 00000000 00000000
00000000 00000000 00000000 00000000
00000000 00000000 00000000 00000000
00000000 00000000 00000000 00000000
00000000 00000000 00000000 00000000
00000000 00000000 00000000 00000000
00000000 00000000 00000000 00000000
00000000 00000000 00000000 00000000
00000000 00000000 00000000 00000000
00000000 00000000 00000000 00000000
00000000 00000000 00000000 00000000
00000000 00000000 00000000 00000000
00000000 00000000 00000000 00000000
00000000 00000000 00000000 00000000
00000000 00000000 00000000 00000000
00000000 00000000 00000000 00000000
00000000 00000000 00000000 00000000
00000000 00000000 00000000 00000000
00000000 00000000 00000000 00000000
00000000 00000000 00000000 00000000
00000000 00000000 00000000 00000000
00000000 00000000 00000000 00000000
