45464748 41424344 00000000 00000000
45464748 41424344 00000000 00000000
45464749 41424344 00000001 00000000
fffffffe ffffffff ffffffff ffffffff
45464748 41424344 00000001 00000000
fffffffe 41424344 ffffffff 00000000
45464748 41424344 ffffffff 00000000
45464748 41424345 00000000 00000001
45464748 41424344 00000000 00000001
fffffffe 7fffffff ffffffff 7fffffff
45464748 c1424344 00000000 80000000
45464748 41424344 00000000 80000000
ffffffff 7fffffff ffffffff 7fffffff
45464748 c1424344 00000000 80000000
45464748 41424344 fffffffe ffffffff
45464749 41424344 ffffffff ffffffff
45464748 41424344 00000005 00000000
45464749 41424344 00000005 00000000
45464748 41424344 00000004 00000000
45464748 41424344 00000000 00000000
ffffffff ffffffff ffffffff ffffffff
5ddedfd8 51525754 9abcdef0 12345678
45474749 4dcbcbc5 87654321 0fedcba9
45464748 dfefffef cafebabe deadbeef
75474749 41424344 ffffffff 00000000
45464748 ffffffff 00000000 ffffffff
4546474e 41424344 00000006 00000000
45464748 41424345 00000000 00000001
45464748 41424344 00000001 80000000
45464749 41424344 00000003 00000000
45464748 41424344 00000002 00000000
efeeefea ebeaebee aaaaaaaa aaaaaaaa
00000000 00000000 00000000 00000000
00000000 00000000 00000000 00000000
00000000 00000000 00000000 00000000
00000000 00000000 00000000 00000000
00000000 00000000 00000000 00000000
00000000 00000000 00000000 00000000
00000000 00000000 00000000 00000000
00000000 00000000 00000000 00000000
00000000 00000000 00000000 00000000
00000000 00000000 00000000 00000000
00000000 00000000 00000000 00000000
00000000 00000000 00000000 00000000
00000000 00000000 00000000 00000000
00000000 00000000 00000000 00000000
00000000 00000000 00000000 00000000
00000000 00000000 00000000 00000000
00000000 00000000 00000000 00000000
00000000 00000000 00000000 00000000
00000000 00000000 00000000 00000000
00000000 00000000 00000000 00000000
00000000 00000000 00000000 00000000
00000000 00000000 00000000 00000000
00000000 00000000 00000000 00000000
00000000 00000000 00000000 00000000
00000000 00000000 00000000 00000000
00000000 00000000 00000000 00000000
00000000 00000000 00000000 00000000
00000000 00000000 00000000 00000000
00000000 00000000 00000000 00000000
00000000 00000000 00000000 00000000
00000000 00000000 00000000 00000000
00000000 00000000 00000000 00000000
