00000000 00000000 00000000 00000000
00000001 00000000 00000000 00000000
ffffffff ffffffff 00000001 00000000
00000002 00000000 ffffffff ffffffff
fffffffe ffffffff 00000001 00000000
00000002 ffffffff ffffffff 00000000
00000000 00000000 ffffffff 00000000
00000001 ffffffff 00000000 00000001
00000000 00000000 00000000 00000001
00000002 80000000 ffffffff 7fffffff
00000001 80000000 00000000 80000000
00000000 00000000 00000000 80000000
00000001 00000000 ffffffff 7fffffff
ffffffff ffffffff 00000000 80000000
00000001 00000000 fffffffe ffffffff
ffffffff ffffffff ffffffff ffffffff
00000000 00000000 00000005 00000000
ffffffff ffffffff 00000005 00000000
00000001 00000000 00000004 00000000
ffffffff ffffffff 00000000 00000000
00000001 00000000 ffffffff ffffffff
eca86431 fdb97530 9abcdef0 12345678
13579bcf 02468acf 87654321 0fedcba9
35014541 21524111 cafebabe deadbeef
cafebabf deadbeee ffffffff 00000000
ffffffff 00000001 00000000 ffffffff
fffffffa 00000000 00000006 00000000
00000006 ffffffff 00000000 00000001
fffffffe 7fffffff 00000001 80000000
ffffffff ffffffff 00000003 00000000
00000001 00000000 00000002 00000000
aaaaaaab aaaaaaaa aaaaaaaa aaaaaaaa
00000000 00000000 00000000 00000000
00000000 00000000 00000000 00000000
00000000 00000000 00000000 00000000
00000000 00000000 00000000 00000000
00000000 00000000 00000000 00000000
00000000 00000000 00000000 00000000
00000000 00000000 00000000 00000000
00000000 00000000 00000000 00000000
00000000 00000000 00000000 00000000
00000000 00000000 00000000 00000000
00000000 00000000 00000000 00000000
00000000 00000000 00000000 00000000
00000000 00000000 00000000 00000000
00000000 00000000 00000000 00000000
00000000 00000000 00000000 00000000
00000000 00000000 00000000 00000000
00000000 00000000 00000000 00000000
00000000 00000000 00000000 00000000
00000000 00000000 00000000 00000000
00000000 00000000 00000000 00000000
00000000 00000000 00000000 00000000
00000000 00000000 00000000 00000000
00000000 00000000 00000000 00000000
00000000 00000000 00000000 00000000
00000000 00000000 00000000 00000000
00000000 00000000 00000000 00000000
00000000 00000000 00000000 00000000
00000000 00000000 00000000 00000000
00000000 00000000 00000000 00000000
00000000 00000000 00000000 00000000
00000000 00000000 00000000 00000000
00000000 00000000 00000000 00000000
