00000000 00000000 00000000 00000000
00000001 00000000 00000000 00000000
00000001 00000000 00000000 00000000
00000000 00000000 00000000 00000000
00000000 00000000 00000000 00000000
00000000 00000001 00000000 00000000
fffffffe 00000001 00000000 00000000
00000001 00000001 00000000 00000000
00000000 00000002 00000000 00000000
00000000 80000000 00000000 00000000
00000001 80000000 00000000 00000000
00000000 00000000 00000000 00000000
ffffffff ffffffff 00000000 00000000
ffffffff ffffffff 00000000 00000000
fffffffd ffffffff 00000000 00000000
fffffffd ffffffff 00000000 00000000
0000000a 00000000 00000000 00000000
00000009 00000000 00000000 00000000
00000009 00000000 00000000 00000000
ffffffff ffffffff 00000000 00000000
ffffffff ffffffff 00000000 00000000
22222211 22222222 00000000 00000000
22222211 22222222 00000000 00000000
cafebabd deadbef0 00000000 00000000
cafebabd deadbef0 00000000 00000000
ffffffff ffffffff 00000000 00000000
00000006 00000001 00000000 00000000
00000006 00000001 00000000 00000000
00000000 80000000 00000000 00000000
00000005 00000000 00000000 00000000
00000005 00000000 00000000 00000000
ffffffff ffffffff 00000000 00000000
00000000 00000000 00000000 00000000
00000000 00000000 00000000 00000000
00000000 00000000 00000000 00000000
00000000 00000000 00000000 00000000
00000000 00000000 00000000 00000000
00000000 00000000 00000000 00000000
00000000 00000000 00000000 00000000
00000000 00000000 00000000 00000000
00000000 00000000 00000000 00000000
00000000 00000000 00000000 00000000
00000000 00000000 00000000 00000000
00000000 00000000 00000000 00000000
00000000 00000000 00000000 00000000
00000000 00000000 00000000 00000000
00000000 00000000 00000000 00000000
00000000 00000000 00000000 00000000
00000000 00000000 00000000 00000000
00000000 00000000 00000000 00000000
00000000 00000000 00000000 00000000
00000000 00000000 00000000 00000000
00000000 00000000 00000000 00000000
00000000 00000000 00000000 00000000
00000000 00000000 00000000 00000000
00000000 00000000 00000000 00000000
00000000 00000000 00000000 00000000
00000000 00000000 00000000 00000000
00000000 00000000 00000000 00000000
00000000 00000000 00000000 00000000
00000000 00000000 00000000 00000000
00000000 00000000 00000000 00000000
00000000 00000000 00000000 00000000
00000000 00000000 00000000 00000000
