00000000 00000000 00000000 00000000
00000001 00000000 00000000 00000000
00000001 00000000 00000001 00000000
ffffffff ffffffff ffffffff ffffffff
ffffffff ffffffff 00000001 00000000
ffffffff 00000000 ffffffff 00000000
ffffffff 00000000 ffffffff 00000000
00000001 00000001 00000000 00000001
00000000 00000001 00000000 00000001
ffffffff 7fffffff ffffffff 7fffffff
00000001 80000000 00000000 80000000
00000000 80000000 00000000 80000000
ffffffff ffffffff ffffffff 7fffffff
ffffffff ffffffff 00000000 80000000
ffffffff ffffffff fffffffe ffffffff
ffffffff ffffffff ffffffff ffffffff
00000005 00000000 00000005 00000000
00000005 00000000 00000005 00000000
00000005 00000000 00000004 00000000
ffffffff ffffffff 00000000 00000000
ffffffff ffffffff ffffffff ffffffff
9ffddff1 1ffddff9 9abcdef0 12345678
9ffddff1 1ffddff9 87654321 0fedcba9
ffffffff deadbeef cafebabe deadbeef
ffffffff deadbeef ffffffff 00000000
ffffffff ffffffff 00000000 ffffffff
00000006 00000001 00000006 00000000
00000006 00000001 00000000 00000001
ffffffff ffffffff 00000001 80000000
00000003 00000000 00000003 00000000
00000003 00000000 00000002 00000000
ffffffff ffffffff aaaaaaaa aaaaaaaa
00000000 00000000 00000000 00000000
00000000 00000000 00000000 00000000
00000000 00000000 00000000 00000000
00000000 00000000 00000000 00000000
00000000 00000000 00000000 00000000
00000000 00000000 00000000 00000000
00000000 00000000 00000000 00000000
00000000 00000000 00000000 00000000
00000000 00000000 00000000 00000000
00000000 00000000 00000000 00000000
00000000 00000000 00000000 00000000
00000000 00000000 00000000 00000000
00000000 00000000 00000000 00000000
00000000 00000000 00000000 00000000
00000000 00000000 00000000 00000000
00000000 00000000 00000000 00000000
00000000 00000000 00000000 00000000
00000000 00000000 00000000 00000000
00000000 00000000 00000000 00000000
00000000 00000000 00000000 00000000
00000000 00000000 00000000 00000000
00000000 00000000 00000000 00000000
00000000 00000000 00000000 00000000
00000000 00000000 00000000 00000000
00000000 00000000 00000000 00000000
00000000 00000000 00000000 00000000
00000000 00000000 00000000 00000000
00000000 00000000 00000000 00000000
00000000 00000000 00000000 00000000
00000000 00000000 00000000 00000000
00000000 00000000 00000000 00000000
00000000 00000000 00000000 00000000
