00000000 00000000 00000000 00000000
00000001 00000000 00000000 00000000
00000001 00000000 00000000 00000000
ffffffff ffffffff 00000000 00000000
ffffffff ffffffff 00000000 00000000
ffffffff 00000000 00000000 00000000
ffffffff 00000000 00000000 00000000
00000001 00000001 00000000 00000000
00000000 00000001 00000000 00000000
ffffffff 7fffffff 00000000 00000000
00000001 80000000 00000000 00000000
00000000 80000000 00000000 00000000
ffffffff ffffffff 00000000 00000000
ffffffff ffffffff 00000000 00000000
ffffffff ffffffff 00000000 00000000
ffffffff ffffffff 00000000 00000000
00000005 00000000 00000000 00000000
00000005 00000000 00000000 00000000
00000005 00000000 00000000 00000000
ffffffff ffffffff 00000000 00000000
ffffffff ffffffff 00000000 00000000
9ffddff1 1ffddff9 00000000 00000000
9ffddff1 1ffddff9 00000000 00000000
ffffffff deadbeef 00000000 00000000
ffffffff deadbeef 00000000 00000000
ffffffff ffffffff 00000000 00000000
00000006 00000001 00000000 00000000
00000006 00000001 00000000 00000000
ffffffff ffffffff 00000000 00000000
00000003 00000000 00000000 00000000
00000003 00000000 00000000 00000000
ffffffff ffffffff 00000000 00000000
00000000 00000000 00000000 00000000
00000000 00000000 00000000 00000000
00000000 00000000 00000000 00000000
00000000 00000000 00000000 00000000
00000000 00000000 00000000 00000000
00000000 00000000 00000000 00000000
00000000 00000000 00000000 00000000
00000000 00000000 00000000 00000000
00000000 00000000 00000000 00000000
00000000 00000000 00000000 00000000
00000000 00000000 00000000 00000000
00000000 00000000 00000000 00000000
00000000 00000000 00000000 00000000
00000000 00000000 00000000 00000000
00000000 00000000 00000000 00000000
00000000 00000000 00000000 00000000
00000000 00000000 00000000 00000000
00000000 00000000 00000000 00000000
00000000 00000000 00000000 00000000
00000000 00000000 00000000 00000000
00000000 00000000 00000000 00000000
00000000 00000000 00000000 00000000
00000000 00000000 00000000 00000000
00000000 00000000 00000000 00000000
00000000 00000000 00000000 00000000
00000000 00000000 00000000 00000000
00000000 00000000 00000000 00000000
00000000 00000000 00000000 00000000
00000000 00000000 00000000 00000000
00000000 00000000 00000000 00000000
00000000 00000000 00000000 00000000
00000000 00000000 00000000 00000000
