45464748 41424344 00000000 00000000
45464748 41424344 00000000 00000000
45464749 41424344 00000000 00000000
fffffffe ffffffff 00000000 00000000
45464748 41424344 00000000 00000000
fffffffe 41424344 00000000 00000000
45464748 41424344 00000000 00000000
45464748 41424345 00000000 00000000
45464748 41424344 00000000 00000000
fffffffe 7fffffff 00000000 00000000
45464748 c1424344 00000000 00000000
45464748 41424344 00000000 00000000
ffffffff 7fffffff 00000000 00000000
45464748 c1424344 00000000 00000000
45464748 41424344 00000000 00000000
45464749 41424344 00000000 00000000
45464748 41424344 00000000 00000000
45464749 41424344 00000000 00000000
45464748 41424344 00000000 00000000
45464748 41424344 00000000 00000000
ffffffff ffffffff 00000000 00000000
5ddedfd8 51525754 00000000 00000000
45474749 4dcbcbc5 00000000 00000000
45464748 dfefffef 00000000 00000000
75474749 41424344 00000000 00000000
45464748 ffffffff 00000000 00000000
4546474e 41424344 00000000 00000000
45464748 41424345 00000000 00000000
45464748 41424344 00000000 00000000
45464749 41424344 00000000 00000000
45464748 41424344 00000000 00000000
efeeefea ebeaebee 00000000 00000000
00000000 00000000 00000000 00000000
00000000 00000000 00000000 00000000
00000000 00000000 00000000 00000000
00000000 00000000 00000000 00000000
00000000 00000000 00000000 00000000
00000000 00000000 00000000 00000000
00000000 00000000 00000000 00000000
00000000 00000000 00000000 00000000
00000000 00000000 00000000 00000000
00000000 00000000 00000000 00000000
00000000 00000000 00000000 00000000
00000000 00000000 00000000 00000000
00000000 00000000 00000000 00000000
00000000 00000000 00000000 00000000
00000000 00000000 00000000 00000000
00000000 00000000 00000000 00000000
00000000 00000000 00000000 00000000
00000000 00000000 00000000 00000000
00000000 00000000 00000000 00000000
00000000 00000000 00000000 00000000
00000000 00000000 00000000 00000000
00000000 00000000 00000000 00000000
00000000 00000000 00000000 00000000
00000000 00000000 00000000 00000000
00000000 00000000 00000000 00000000
00000000 00000000 00000000 00000000
00000000 00000000 00000000 00000000
00000000 00000000 00000000 00000000
00000000 00000000 00000000 00000000
00000000 00000000 00000000 00000000
00000000 00000000 00000000 00000000
00000000 00000000 00000000 00000000
