00000000 00000000 00000000 00000000
00000001 00000000 00000000 00000000
00000000 00000000 00000001 00000000
00000001 00000000 ffffffff ffffffff
00000000 00000000 00000001 00000000
00000001 00000000 ffffffff 00000000
fffffffe 00000000 ffffffff 00000000
00000001 00000000 00000000 00000001
ffffffff 00000000 00000000 00000001
00000001 00000000 ffffffff 7fffffff
00000001 00000000 00000000 80000000
ffffffff 7fffffff 00000000 80000000
fffffffe 7fffffff ffffffff 7fffffff
ffffffff 7fffffff 00000000 80000000
fffffffd ffffffff fffffffe ffffffff
fffffffe ffffffff ffffffff ffffffff
00000004 00000000 00000005 00000000
00000004 00000000 00000005 00000000
00000003 00000000 00000004 00000000
ffffffff ffffffff 00000000 00000000
00000000 00000000 ffffffff ffffffff
87654321 0fedcba9 9abcdef0 12345678
87654320 0fedcba9 87654321 0fedcba9
ffffffff 00000000 cafebabe deadbeef
fffffffe 00000000 ffffffff 00000000
ffffffff 00000000 00000000 ffffffff
00000005 00000000 00000006 00000000
00000006 00000000 00000000 00000001
00000000 80000000 00000001 80000000
00000002 00000000 00000003 00000000
00000001 00000000 00000002 00000000
55555555 55555555 aaaaaaaa aaaaaaaa
00000000 00000000 00000000 00000000
00000000 00000000 00000000 00000000
00000000 00000000 00000000 00000000
00000000 00000000 00000000 00000000
00000000 00000000 00000000 00000000
00000000 00000000 00000000 00000000
00000000 00000000 00000000 00000000
00000000 00000000 00000000 00000000
00000000 00000000 00000000 00000000
00000000 00000000 00000000 00000000
00000000 00000000 00000000 00000000
00000000 00000000 00000000 00000000
00000000 00000000 00000000 00000000
00000000 00000000 00000000 00000000
00000000 00000000 00000000 00000000
00000000 00000000 00000000 00000000
00000000 00000000 00000000 00000000
00000000 00000000 00000000 00000000
00000000 00000000 00000000 00000000
00000000 00000000 00000000 00000000
00000000 00000000 00000000 00000000
00000000 00000000 00000000 00000000
00000000 00000000 00000000 00000000
00000000 00000000 00000000 00000000
00000000 00000000 00000000 00000000
00000000 00000000 00000000 00000000
00000000 00000000 00000000 00000000
00000000 00000000 00000000 00000000
00000000 00000000 00000000 00000000
00000000 00000000 00000000 00000000
00000000 00000000 00000000 00000000
00000000 00000000 00000000 00000000
