00000000 00000000 00000000 00000000
00000001 00000000 00000000 00000000
00000001 00000000 00000001 00000000
fffffffe ffffffff ffffffff ffffffff
fffffffe ffffffff 00000001 00000000
fffffffe 00000000 ffffffff 00000000
00000000 00000000 ffffffff 00000000
00000001 00000001 00000000 00000001
00000000 00000000 00000000 00000001
fffffffe 7fffffff ffffffff 7fffffff
00000001 80000000 00000000 80000000
00000000 00000000 00000000 80000000
ffffffff ffffffff ffffffff 7fffffff
ffffffff ffffffff 00000000 80000000
00000001 00000000 fffffffe ffffffff
00000001 00000000 ffffffff ffffffff
00000000 00000000 00000005 00000000
00000001 00000000 00000005 00000000
00000001 00000000 00000004 00000000
ffffffff ffffffff 00000000 00000000
ffffffff ffffffff ffffffff ffffffff
1dd99dd1 1dd99dd1 9abcdef0 12345678
1dd99dd1 1dd99dd1 87654321 0fedcba9
35014541 deadbeef cafebabe deadbeef
35014541 deadbeef ffffffff 00000000
ffffffff ffffffff 00000000 ffffffff
00000006 00000001 00000006 00000000
00000006 00000001 00000000 00000001
fffffffe 7fffffff 00000001 80000000
00000001 00000000 00000003 00000000
00000001 00000000 00000002 00000000
ffffffff ffffffff aaaaaaaa aaaaaaaa
00000000 00000000 00000000 00000000
00000000 00000000 00000000 00000000
00000000 00000000 00000000 00000000
00000000 00000000 00000000 00000000
00000000 00000000 00000000 00000000
00000000 00000000 00000000 00000000
00000000 00000000 00000000 00000000
00000000 00000000 00000000 00000000
00000000 00000000 00000000 00000000
00000000 00000000 00000000 00000000
00000000 00000000 00000000 00000000
00000000 00000000 00000000 00000000
00000000 00000000 00000000 00000000
00000000 00000000 00000000 00000000
00000000 00000000 00000000 00000000
00000000 00000000 00000000 00000000
00000000 00000000 00000000 00000000
00000000 00000000 00000000 00000000
00000000 00000000 00000000 00000000
00000000 00000000 00000000 00000000
00000000 00000000 00000000 00000000
00000000 00000000 00000000 00000000
00000000 00000000 00000000 00000000
00000000 00000000 00000000 00000000
00000000 00000000 00000000 00000000
00000000 00000000 00000000 00000000
00000000 00000000 00000000 00000000
00000000 00000000 00000000 00000000
00000000 00000000 00000000 00000000
00000000 00000000 00000000 00000000
00000000 00000000 00000000 00000000
00000000 00000000 00000000 00000000
