00000000 00000000 00000000 00000000
00000001 00000000 00000000 00000000
ffffffff ffffffff 00000000 00000000
00000002 00000000 00000000 00000000
fffffffe ffffffff 00000000 00000000
00000002 ffffffff 00000000 00000000
00000000 00000000 00000000 00000000
00000001 ffffffff 00000000 00000000
00000000 00000000 00000000 00000000
00000002 80000000 00000000 00000000
00000001 80000000 00000000 00000000
00000000 00000000 00000000 00000000
00000001 00000000 00000000 00000000
ffffffff ffffffff 00000000 00000000
00000001 00000000 00000000 00000000
ffffffff ffffffff 00000000 00000000
00000000 00000000 00000000 00000000
ffffffff ffffffff 00000000 00000000
00000001 00000000 00000000 00000000
ffffffff ffffffff 00000000 00000000
00000001 00000000 00000000 00000000
eca86431 fdb97530 00000000 00000000
13579bcf 02468acf 00000000 00000000
35014541 21524111 00000000 00000000
cafebabf deadbeee 00000000 00000000
ffffffff 00000001 00000000 00000000
fffffffa 00000000 00000000 00000000
00000006 ffffffff 00000000 00000000
fffffffe 7fffffff 00000000 00000000
ffffffff ffffffff 00000000 00000000
00000001 00000000 00000000 00000000
aaaaaaab aaaaaaaa 00000000 00000000
00000000 00000000 00000000 00000000
00000000 00000000 00000000 00000000
00000000 00000000 00000000 00000000
00000000 00000000 00000000 00000000
00000000 00000000 00000000 00000000
00000000 00000000 00000000 00000000
00000000 00000000 00000000 00000000
00000000 00000000 00000000 00000000
00000000 00000000 00000000 00000000
00000000 00000000 00000000 00000000
00000000 00000000 00000000 00000000
00000000 00000000 00000000 00000000
00000000 00000000 00000000 00000000
00000000 00000000 00000000 00000000
00000000 00000000 00000000 00000000
00000000 00000000 00000000 00000000
00000000 00000000 00000000 00000000
00000000 00000000 00000000 00000000
00000000 00000000 00000000 00000000
00000000 00000000 00000000 00000000
00000000 00000000 00000000 00000000
00000000 00000000 00000000 00000000
00000000 00000000 00000000 00000000
00000000 00000000 00000000 00000000
00000000 00000000 00000000 00000000
00000000 00000000 00000000 00000000
00000000 00000000 00000000 00000000
00000000 00000000 00000000 00000000
00000000 00000000 00000000 00000000
00000000 00000000 00000000 00000000
00000000 00000000 00000000 00000000
00000000 00000000 00000000 00000000
