13579bdf 3b92dc1c 00000000 5a5a5a5b 00000000 00000000 00000000 00000000 00000000 00000000 00000000 00000000 00000000 00000000 00000000 00000000
13579be0 99cb56d7 00000010 5a5a5a48 00000000 00000000 00000000 00000000 00000000 00000000 00000000 00000000 00000000 00000000 00000000 00000000
13579be1 7f03c88e 00000020 5a5a5a79 00000000 00000000 00000000 00000000 00000000 00000000 00000000 00000000 00000000 00000000 00000000 00000000
13579be2 dd784341 00000030 5a5a5a6e 00000000 00000000 00000000 00000000 00000000 00000000 00000000 00000000 00000000 00000000 00000000 00000000
13579be3 b2b0c538 00000040 5a5a5a1f 00000000 00000000 00000000 00000000 00000000 00000000 00000000 00000000 00000000 00000000 00000000 00000000
13579be6 10e97ff3 00000050 5a5a5a0c 00000000 00000000 00000000 00000000 00000000 00000000 00000000 00000000 00000000 00000000 00000000 00000000
93579bdf f621f1aa 00000060 5a5a5a3d 00000000 00000000 00000000 00000000 00000000 00000000 00000000 00000000 00000000 00000000 00000000 00000000
13579bde 541e686d 00000070 5a5a5a22 00000000 00000000 00000000 00000000 00000000 00000000 00000000 00000000 00000000 00000000 00000000 00000000
13579bdf 2a56e224 00000080 5a5a5ad3 00000000 00000000 00000000 00000000 00000000 00000000 00000000 00000000 00000000 00000000 00000000 00000000
13579be0 8b8f649f 00000090 5a5a5ac0 00000000 00000000 00000000 00000000 00000000 00000000 00000000 00000000 00000000 00000000 00000000 00000000
13579be1 69c79f56 000000a0 5a5a5af1 00000000 00000000 00000000 00000000 00000000 00000000 00000000 00000000 00000000 00000000 00000000 00000000
13579be2 cf3c1109 000000b0 5a5a5ae6 00000000 00000000 00000000 00000000 00000000 00000000 00000000 00000000 00000000 00000000 00000000 00000000
13579be3 ad748bc0 000000c0 5a5a5a97 00000000 00000000 00000000 00000000 00000000 00000000 00000000 00000000 00000000 00000000 00000000 00000000
13579be6 02ad0dbb 000000d0 5a5a5a84 00000000 00000000 00000000 00000000 00000000 00000000 00000000 00000000 00000000 00000000 00000000 00000000
93579bdf e0e58472 000000e0 5a5a5ab5 00000000 00000000 00000000 00000000 00000000 00000000 00000000 00000000 00000000 00000000 00000000 00000000
13579bde 46d23e35 000000f0 5a5a5b5a 00000000 00000000 00000000 00000000 00000000 00000000 00000000 00000000 00000000 00000000 00000000 00000000
13579bdf 240ab0ec 00000100 5a5a5b4b 00000000 00000000 00000000 00000000 00000000 00000000 00000000 00000000 00000000 00000000 00000000 00000000
13579be0 ba432aa7 00000110 5a5a5b78 00000000 00000000 00000000 00000000 00000000 00000000 00000000 00000000 00000000 00000000 00000000 00000000
13579be1 1bbbad1e 00000120 5a5a5b69 00000000 00000000 00000000 00000000 00000000 00000000 00000000 00000000 00000000 00000000 00000000 00000000
13579be2 f9f027d1 00000130 5a5a5b1e 00000000 00000000 00000000 00000000 00000000 00000000 00000000 00000000 00000000 00000000 00000000 00000000
13579be3 5f295988 00000140 5a5a5b0f 00000000 00000000 00000000 00000000 00000000 00000000 00000000 00000000 00000000 00000000 00000000 00000000
13579be6 3d61d043 00000150 5a5a5b3c 00000000 00000000 00000000 00000000 00000000 00000000 00000000 00000000 00000000 00000000 00000000 00000000
93579bdf 935e4a3a 00000160 5a5a5b2d 00000000 00000000 00000000 00000000 00000000 00000000 00000000 00000000 00000000 00000000 00000000 00000000
13579bde 7096ccfd 00000170 5a5a5bd2 00000000 00000000 00000000 00000000 00000000 00000000 00000000 00000000 00000000 00000000 00000000 00000000
13579bdf d6cf46b4 00000180 5a5a5bc3 00000000 00000000 00000000 00000000 00000000 00000000 00000000 00000000 00000000 00000000 00000000 00000000
13579be0 b407f96f 00000190 5a5a5bf0 00000000 00000000 00000000 00000000 00000000 00000000 00000000 00000000 00000000 00000000 00000000 00000000
13579be1 0a7c7326 000001a0 5a5a5be1 00000000 00000000 00000000 00000000 00000000 00000000 00000000 00000000 00000000 00000000 00000000 00000000
13579be2 ebb4f599 000001b0 5a5a5b96 00000000 00000000 00000000 00000000 00000000 00000000 00000000 00000000 00000000 00000000 00000000 00000000
13579be3 49ed6c50 000001c0 5a5a5b87 00000000 00000000 00000000 00000000 00000000 00000000 00000000 00000000 00000000 00000000 00000000 00000000
13579be6 2f25e60b 000001d0 5a5a5bb4 00000000 00000000 00000000 00000000 00000000 00000000 00000000 00000000 00000000 00000000 00000000 00000000
93579bdf 8d1218c2 000001e0 5a5a5ba5 00000000 00000000 00000000 00000000 00000000 00000000 00000000 00000000 00000000 00000000 00000000 00000000
13579bde 634a9285 000001f0 5a5a584a 00000000 00000000 00000000 00000000 00000000 00000000 00000000 00000000 00000000 00000000 00000000 00000000
13579bdf c083157c 00000200 5a5a587b 00000000 00000000 00000000 00000000 00000000 00000000 00000000 00000000 00000000 00000000 00000000 00000000
13579be0 a6fb8f37 00000210 5a5a5868 00000000 00000000 00000000 00000000 00000000 00000000 00000000 00000000 00000000 00000000 00000000 00000000
13579be1 043001ee 00000220 5a5a5819 00000000 00000000 00000000 00000000 00000000 00000000 00000000 00000000 00000000 00000000 00000000 00000000
13579be2 9a68bba1 00000230 5a5a580e 00000000 00000000 00000000 00000000 00000000 00000000 00000000 00000000 00000000 00000000 00000000 00000000
13579be3 7ba13218 00000240 5a5a583f 00000000 00000000 00000000 00000000 00000000 00000000 00000000 00000000 00000000 00000000 00000000 00000000
13579be6 d999b4d3 00000250 5a5a582c 00000000 00000000 00000000 00000000 00000000 00000000 00000000 00000000 00000000 00000000 00000000 00000000
93579bdf bfd62e8a 00000260 5a5a58dd 00000000 00000000 00000000 00000000 00000000 00000000 00000000 00000000 00000000 00000000 00000000 00000000
13579bde 1d0ea14d 00000270 5a5a58c2 00000000 00000000 00000000 00000000 00000000 00000000 00000000 00000000 00000000 00000000 00000000 00000000
13579bdf f347db04 00000280 5a5a58f3 00000000 00000000 00000000 00000000 00000000 00000000 00000000 00000000 00000000 00000000 00000000 00000000
13579be0 50bc5dff 00000290 5a5a58e0 00000000 00000000 00000000 00000000 00000000 00000000 00000000 00000000 00000000 00000000 00000000 00000000
13579be1 36f4d7b6 000002a0 5a5a5891 00000000 00000000 00000000 00000000 00000000 00000000 00000000 00000000 00000000 00000000 00000000 00000000
13579be2 942d4e69 000002b0 5a5a5886 00000000 00000000 00000000 00000000 00000000 00000000 00000000 00000000 00000000 00000000 00000000 00000000
13579be3 6a65c020 000002c0 5a5a58b7 00000000 00000000 00000000 00000000 00000000 00000000 00000000 00000000 00000000 00000000 00000000 00000000
13579be6 c8527a9b 000002d0 5a5a58a4 00000000 00000000 00000000 00000000 00000000 00000000 00000000 00000000 00000000 00000000 00000000 00000000
93579bdf a98afd52 000002e0 5a5a5955 00000000 00000000 00000000 00000000 00000000 00000000 00000000 00000000 00000000 00000000 00000000 00000000
13579bde 0fc37715 000002f0 5a5a597a 00000000 00000000 00000000 00000000 00000000 00000000 00000000 00000000 00000000 00000000 00000000 00000000
13579bdf ed3be9cc 00000300 5a5a596b 00000000 00000000 00000000 00000000 00000000 00000000 00000000 00000000 00000000 00000000 00000000 00000000
13579be0 43706387 00000310 5a5a5918 00000000 00000000 00000000 00000000 00000000 00000000 00000000 00000000 00000000 00000000 00000000 00000000
13579be1 20a89a7e 00000320 5a5a5909 00000000 00000000 00000000 00000000 00000000 00000000 00000000 00000000 00000000 00000000 00000000 00000000
13579be2 86e11c31 00000330 5a5a593e 00000000 00000000 00000000 00000000 00000000 00000000 00000000 00000000 00000000 00000000 00000000 00000000
13579be3 64d996e8 00000340 5a5a592f 00000000 00000000 00000000 00000000 00000000 00000000 00000000 00000000 00000000 00000000 00000000 00000000
13579be6 fa1608a3 00000350 5a5a59dc 00000000 00000000 00000000 00000000 00000000 00000000 00000000 00000000 00000000 00000000 00000000 00000000
93579bdf 584e831a 00000360 5a5a59cd 00000000 00000000 00000000 00000000 00000000 00000000 00000000 00000000 00000000 00000000 00000000 00000000
13579bde 398705dd 00000370 5a5a59f2 00000000 00000000 00000000 00000000 00000000 00000000 00000000 00000000 00000000 00000000 00000000 00000000
13579bdf 9fffbf94 00000380 5a5a59e3 00000000 00000000 00000000 00000000 00000000 00000000 00000000 00000000 00000000 00000000 00000000 00000000
13579be0 7d34364f 00000390 5a5a5990 00000000 00000000 00000000 00000000 00000000 00000000 00000000 00000000 00000000 00000000 00000000 00000000
13579be1 d36ca806 000003a0 5a5a5981 00000000 00000000 00000000 00000000 00000000 00000000 00000000 00000000 00000000 00000000 00000000 00000000
13579be2 b0a522f9 000003b0 5a5a59b6 00000000 00000000 00000000 00000000 00000000 00000000 00000000 00000000 00000000 00000000 00000000 00000000
13579be3 169da4b0 000003c0 5a5a59a7 00000000 00000000 00000000 00000000 00000000 00000000 00000000 00000000 00000000 00000000 00000000 00000000
13579be6 f4cadf6b 000003d0 5a5a5e54 00000000 00000000 00000000 00000000 00000000 00000000 00000000 00000000 00000000 00000000 00000000 00000000
93579bdf 4a035122 000003e0 5a5a5e45 00000000 00000000 00000000 00000000 00000000 00000000 00000000 00000000 00000000 00000000 00000000 00000000
13579bde 287bcbe5 000003f0 5a5a5e6a 00000000 00000000 00000000 00000000 00000000 00000000 00000000 00000000 00000000 00000000 00000000 00000000
