[src/VulkanDevice.cpp:581 VulkanDevice] VulkanDevice constructor window=(nil)
[src/VulkanDevice.cpp:590 VulkanDevice] Vulkan loader loaded library=0x55b08ad46260
[src/VulkanDevice.cpp:624 VulkanDevice] Vulkan instance created instance=0x55b08ad48960
[src/VulkanDevice.cpp:635 VulkanDevice] Physical device count=2
[src/VulkanDevice.cpp:668 VulkanDevice] Physical device candidate=0x55b08b11edb0 name=NVIDIA GeForce RTX 3080 api=0x40415f type=2
[src/VulkanDevice.cpp:668 VulkanDevice] Physical device candidate=0x55b08b121850 name=AMD Ryzen 9 7950X3D 16-Core Processor (RADV RAPHAEL_MENDOCINO) api=0x404162 type=1
[src/VulkanDevice.cpp:715 VulkanDevice] Physical device selected physical=0x55b08b11edb0 queueFamily=0
[src/VulkanDevice.cpp:728 VulkanDevice] Selected GPU name=NVIDIA GeForce RTX 3080 vendor=0x10de device=0x2206 subgroup=32
[src/VulkanDevice.cpp:730 VulkanDevice] Memory heap 0 size=10240.0 MiB flags=0x1
[src/VulkanDevice.cpp:730 VulkanDevice] Memory heap 1 size=47571.2 MiB flags=0x0
[src/VulkanDevice.cpp:731 VulkanDevice] Memory type 0 heap=1 flags=0x0
[src/VulkanDevice.cpp:731 VulkanDevice] Memory type 1 heap=0 flags=0x1
[src/VulkanDevice.cpp:731 VulkanDevice] Memory type 2 heap=0 flags=0x1
[src/VulkanDevice.cpp:731 VulkanDevice] Memory type 3 heap=1 flags=0x6
[src/VulkanDevice.cpp:731 VulkanDevice] Memory type 4 heap=1 flags=0xe
[src/VulkanDevice.cpp:731 VulkanDevice] Memory type 5 heap=0 flags=0x7
[src/VulkanDevice.cpp:782 VulkanDevice] Shader clock driver=4 narrowSubgroupClock=0
[src/VulkanDevice.cpp:942 VulkanDevice] Vulkan features tessellationAvailable=1 mesh=1 depthClip=1 depthRangeUnrestricted=1
[src/VulkanDevice.cpp:1086 VulkanDevice] Compute wave32 programs run on subgroups of 32
[src/VulkanDevice.cpp:1131 VulkanDevice] Vulkan device ready device=0x55b08b181920 queue=0x55b08b3b3590 family=0
00002023 00002022 00002023 00000077 00002034 00002035 00002030 00002022 00002023 00002030 00002031 00002032 00002030 00002031 00002022 00002026
00002023 00002022 00002023 00000077 00002034 00002035 00002030 00002022 00002023 00002030 00002031 00002032 00002030 00002031 00002022 00002026
00002023 00002022 00002023 00000077 00002034 00002035 00002030 00002022 00002023 00002030 00002031 00002032 00002030 00002031 00002022 00002026
00002023 00002022 00002023 00000077 00002034 00002035 00002030 00002022 00002023 00002030 00002031 00002032 00002030 00002031 00002022 00002026
00002023 00002022 00002023 00000077 00002034 00002035 00002030 00002022 00002023 00002030 00002031 00002032 00002030 00002031 00002022 00002026
00002023 00002022 00002023 00000077 00002034 00002035 00002030 00002022 00002023 00002030 00002031 00002032 00002030 00002031 00002022 00002026
00002023 00002022 00002023 00000077 00002034 00002035 00002030 00002022 00002023 00002030 00002031 00002032 00002030 00002031 00002022 00002026
00002023 00002022 00002023 00000077 00002034 00002035 00002030 00002022 00002023 00002030 00002031 00002032 00002030 00002031 00002022 00002026
00002023 00002022 00002023 00000077 00002034 00002035 00002030 00002022 00002023 00002030 00002031 00002032 00002030 00002031 00002022 00002026
00002023 00002022 00002023 00000077 00002034 00002035 00002030 00002022 00002023 00002030 00002031 00002032 00002030 00002031 00002022 00002026
00002023 00002022 00002023 00000077 00002034 00002035 00002030 00002022 00002023 00002030 00002031 00002032 00002030 00002031 00002022 00002026
00002023 00002022 00002023 00000077 00002034 00002035 00002030 00002022 00002023 00002030 00002031 00002032 00002030 00002031 00002022 00002026
00002023 00002022 00002023 00000077 00002034 00002035 00002030 00002022 00002023 00002030 00002031 00002032 00002030 00002031 00002022 00002026
00002023 00002022 00002023 00000077 00002034 00002035 00002030 00002022 00002023 00002030 00002031 00002032 00002030 00002031 00002022 00002026
00002023 00002022 00002023 00000077 00002034 00002035 00002030 00002022 00002023 00002030 00002031 00002032 00002030 00002031 00002022 00002026
00002023 00002022 00002023 00000077 00002034 00002035 00002030 00002022 00002023 00002030 00002031 00002032 00002030 00002031 00002022 00002026
00002023 00002022 00002023 00000077 00002034 00002035 00002030 00002022 00002023 00002030 00002031 00002032 00002030 00002031 00002022 00002026
00002023 00002022 00002023 00000077 00002034 00002035 00002030 00002022 00002023 00002030 00002031 00002032 00002030 00002031 00002022 00002026
00002023 00002022 00002023 00000077 00002034 00002035 00002030 00002022 00002023 00002030 00002031 00002032 00002030 00002031 00002022 00002026
00002023 00002022 00002023 00000077 00002034 00002035 00002030 00002022 00002023 00002030 00002031 00002032 00002030 00002031 00002022 00002026
00002023 00002022 00002023 00000077 00002034 00002035 00002030 00002022 00002023 00002030 00002031 00002032 00002030 00002031 00002022 00002026
00002023 00002022 00002023 00000077 00002034 00002035 00002030 00002022 00002023 00002030 00002031 00002032 00002030 00002031 00002022 00002026
00002023 00002022 00002023 00000077 00002034 00002035 00002030 00002022 00002023 00002030 00002031 00002032 00002030 00002031 00002022 00002026
00002023 00002022 00002023 00000077 00002034 00002035 00002030 00002022 00002023 00002030 00002031 00002032 00002030 00002031 00002022 00002026
00002023 00002022 00002023 00000077 00002034 00002035 00002030 00002022 00002023 00002030 00002031 00002032 00002030 00002031 00002022 00002026
00002023 00002022 00002023 00000077 00002034 00002035 00002030 00002022 00002023 00002030 00002031 00002032 00002030 00002031 00002022 00002026
00002023 00002022 00002023 00000077 00002034 00002035 00002030 00002022 00002023 00002030 00002031 00002032 00002030 00002031 00002022 00002026
00002023 00002022 00002023 00000077 00002034 00002035 00002030 00002022 00002023 00002030 00002031 00002032 00002030 00002031 00002022 00002026
00002023 00002022 00002023 00000077 00002034 00002035 00002030 00002022 00002023 00002030 00002031 00002032 00002030 00002031 00002022 00002026
00002023 00002022 00002023 00000077 00002034 00002035 00002030 00002022 00002023 00002030 00002031 00002032 00002030 00002031 00002022 00002026
00002023 00002022 00002023 00000077 00002034 00002035 00002030 00002022 00002023 00002030 00002031 00002032 00002030 00002031 00002022 00002026
00002023 00002022 00002023 00000077 00002034 00002035 00002030 00002022 00002023 00002030 00002031 00002032 00002030 00002031 00002022 00002026

# stderr
[write-watch] host imports resolve write protection: no (0 of 4 scratch pages written after a GPU read, 4 after the import); imported ranges stay watched
[pipeline-cache] loaded 2557.5 KiB from /home/slegl/PycharmProjects/anyps5/build/tests/shader_cache/vk-pipelines-10de-2206-99d1c240-500c20ba21b5482d6d930a8d810e373f.bin
