00000040 00000000 ffffffff ffffffff 00000000 00000001 00000000 00000000 00000000 00000000 00000000 00000000 00000000 00000000 00000000 00000000
00000000 ffffffff ffffffff ffffffff 000000ff 00000000 00000001 00000000 00000000 00000000 00000000 00000000 00000000 00000000 00000000 00000000
00000020 00000000 ffffffff 00000020 00000000 00000001 00000000 00000000 00000000 00000000 00000000 00000000 00000000 00000000 00000000 00000000
00000020 00000020 ffffffff 00000020 000000ff 00000001 00000001 00000000 00000000 00000000 00000000 00000000 00000000 00000000 00000000 00000000
0000003f 00000001 0000001f 0000003f 00000001 00000001 00000001 00000000 00000000 00000000 00000000 00000000 00000000 00000000 00000000 00000000
0000003f 00000000 ffffffff 00000001 00000000 00000001 00000000 00000000 00000000 00000000 00000000 00000000 00000000 00000000 00000000 00000000
00000040 00000000 ffffffff ffffffff 00000000 00000001 00000000 00000000 00000000 00000000 00000000 00000000 00000000 00000000 00000000 00000000
00000040 00000000 ffffffff ffffffff 00000000 00000001 00000000 00000000 00000000 00000000 00000000 00000000 00000000 00000000 00000000 00000000
00000040 00000000 ffffffff ffffffff 00000000 00000001 00000000 00000000 00000000 00000000 00000000 00000000 00000000 00000000 00000000 00000000
00000040 00000000 ffffffff ffffffff 00000000 00000001 00000000 00000000 00000000 00000000 00000000 00000000 00000000 00000000 00000000 00000000
0000002c 00000000 00000004 0000000a 000000a2 00000001 00000001 00000000 00000000 00000000 00000000 00000000 00000000 00000000 00000000 00000000
00000025 00000001 00000001 0000000c 000000fd 00000001 00000001 00000000 00000000 00000000 00000000 00000000 00000000 00000000 00000000 00000000
00000031 00000001 00000007 0000000d 0000007f 00000001 00000001 00000000 00000000 00000000 00000000 00000000 00000000 00000000 00000000 00000000
00000023 00000002 00000001 00000001 000000ff 00000001 00000001 00000000 00000000 00000000 00000000 00000000 00000000 00000000 00000000 00000000
00000017 00000003 00000001 00000001 000000ff 00000001 00000001 00000000 00000000 00000000 00000000 00000000 00000000 00000000 00000000 00000000
00000020 00000001 00000001 00000004 000000fb 00000001 00000001 00000000 00000000 00000000 00000000 00000000 00000000 00000000 00000000 00000000
0000001f 00000000 00000003 00000003 000000ff 00000001 00000001 00000000 00000000 00000000 00000000 00000000 00000000 00000000 00000000 00000000
00000025 00000001 00000001 00000004 000000ff 00000001 00000001 00000000 00000000 00000000 00000000 00000000 00000000 00000000 00000000 00000000
00000020 00000000 00000001 00000005 000000fe 00000001 00000001 00000000 00000000 00000000 00000000 00000000 00000000 00000000 00000000 00000000
0000001b 00000000 0000000c 00000006 000000ff 00000001 00000001 00000000 00000000 00000000 00000000 00000000 00000000 00000000 00000000 00000000
00000023 00000000 00000001 00000008 000000ff 00000001 00000001 00000000 00000000 00000000 00000000 00000000 00000000 00000000 00000000 00000000
00000022 00000005 00000002 00000008 000000ff 00000001 00000001 00000000 00000000 00000000 00000000 00000000 00000000 00000000 00000000 00000000
00000026 00000000 00000001 0000000a 000000bb 00000001 00000001 00000000 00000000 00000000 00000000 00000000 00000000 00000000 00000000 00000000
00000024 00000002 00000001 0000000a 000000fb 00000001 00000001 00000000 00000000 00000000 00000000 00000000 00000000 00000000 00000000 00000000
0000001f 00000000 00000005 0000000c 000000f7 00000001 00000001 00000000 00000000 00000000 00000000 00000000 00000000 00000000 00000000 00000000
00000023 00000000 00000001 0000000c 000000ff 00000001 00000001 00000000 00000000 00000000 00000000 00000000 00000000 00000000 00000000 00000000
0000001e 00000000 00000002 00000001 000000af 00000001 00000001 00000000 00000000 00000000 00000000 00000000 00000000 00000000 00000000 00000000
00000027 00000000 00000001 00000001 000000b7 00000001 00000001 00000000 00000000 00000000 00000000 00000000 00000000 00000000 00000000 00000000
00000029 00000002 00000003 00000003 000000b9 00000001 00000001 00000000 00000000 00000000 00000000 00000000 00000000 00000000 00000000 00000000
00000022 00000001 00000001 00000003 000000ff 00000001 00000001 00000000 00000000 00000000 00000000 00000000 00000000 00000000 00000000 00000000
00000023 00000002 00000003 00000004 000000ff 00000001 00000001 00000000 00000000 00000000 00000000 00000000 00000000 00000000 00000000 00000000
00000022 00000001 00000001 00000008 000000ff 00000001 00000001 00000000 00000000 00000000 00000000 00000000 00000000 00000000 00000000 00000000
