b3b664aa 003fe3f9 00000000 00000000 abcd7e00 12347e00 00000000 00000000 00000000 00000000 00000001 00000000 00000000 00000000 00000000 00000000
b3b664aa 003f1b85 00000000 00000000 abcd3c00 1234fc00 00000000 00000000 00000000 00000000 00000001 00000000 00000000 00000000 00000000 00000000
b3b664aa 003fe3f9 00000000 00000000 abcd8000 1234fe01 00000000 00000000 00000000 00000000 00000001 00000000 00000000 00000000 00000000 00000000
b3b664aa 003a9365 00000000 00000000 abcd0000 12340000 00000000 00000000 00000000 00000000 00000001 00000000 00000000 00000000 00000000 00000000
b3b664aa 003b1b85 00000000 00000000 abcd7c00 12340001 00000000 00000000 00000000 00000000 00000001 00000000 00000000 00000000 00000000 00000000
b3b664aa 003e5a55 00000000 00000000 abcdfc00 12343c00 00000000 00000000 00000000 00000000 00000001 00000000 00000000 00000000 00000000 00000000
b3b664aa 003e9365 00000000 00000000 abcdbc00 1234bc00 00000000 00000000 00000000 00000000 00000001 00000000 00000000 00000000 00000000 00000000
b3b664aa 003f1b85 00000000 00000000 abcd3c00 1234c000 00000000 00000000 00000000 00000000 00000001 00000000 00000000 00000000 00000000 00000000
b3b664aa 003e5a55 00000000 00000000 abcd0001 12347c00 00000000 00000000 00000000 00000000 00000001 00000000 00000000 00000000 00000000 00000000
b3b664aa 003a9365 00000000 00000000 abcd4248 12344248 00000000 00000000 00000000 00000000 00000001 00000000 00000000 00000000 00000000 00000000
b3b664aa 003fe3f9 00000000 00000000 abcdfe01 12348000 00000000 00000000 00000000 00000000 00000001 00000000 00000000 00000000 00000000 00000000
b3b664aa 003e5a55 00000000 00000000 abcdc000 12343c00 00000000 00000000 00000000 00000000 00000001 00000000 00000000 00000000 00000000 00000000
b3b664aa 003fe3f9 00000000 00000000 abcd7e00 12343c00 00000000 00000000 00000000 00000000 00000001 00000000 00000000 00000000 00000000 00000000
b3b664aa 003b1b85 00000000 00000000 abcd3c00 1234bc00 00000000 00000000 00000000 00000000 00000001 00000000 00000000 00000000 00000000 00000000
b3b664aa 003f1b85 00000000 00000000 abcd8000 1234c000 00000000 00000000 00000000 00000000 00000001 00000000 00000000 00000000 00000000 00000000
b3b664aa 003e5a55 00000000 00000000 abcd0000 12347c00 00000000 00000000 00000000 00000000 00000001 00000000 00000000 00000000 00000000 00000000
b3b664aa 003b1b85 00000000 00000000 abcd7c00 12344248 00000000 00000000 00000000 00000000 00000001 00000000 00000000 00000000 00000000 00000000
b3b664aa 003e5a55 00000000 00000000 abcdfc00 12348000 00000000 00000000 00000000 00000000 00000001 00000000 00000000 00000000 00000000 00000000
b3b664aa 003e5a55 00000000 00000000 abcdbc00 12343c00 00000000 00000000 00000000 00000000 00000001 00000000 00000000 00000000 00000000 00000000
b3b664aa 003fe3f9 00000000 00000000 abcd3c00 12347e00 00000000 00000000 00000000 00000000 00000001 00000000 00000000 00000000 00000000 00000000
b3b664aa 003f1b85 00000000 00000000 abcd0001 1234fc00 00000000 00000000 00000000 00000000 00000001 00000000 00000000 00000000 00000000 00000000
b3b664aa 003fe3f9 00000000 00000000 abcd4248 1234fe01 00000000 00000000 00000000 00000000 00000001 00000000 00000000 00000000 00000000 00000000
b3b664aa 003fe3f9 00000000 00000000 abcdfe01 12340000 00000000 00000000 00000000 00000000 00000001 00000000 00000000 00000000 00000000 00000000
b3b664aa 003e5a55 00000000 00000000 abcdc000 12340001 00000000 00000000 00000000 00000000 00000001 00000000 00000000 00000000 00000000 00000000
b3b664aa 003fe3f9 00000000 00000000 abcd7e00 12348000 00000000 00000000 00000000 00000000 00000001 00000000 00000000 00000000 00000000 00000000
b3b664aa 003a9365 00000000 00000000 abcd3c00 12343c00 00000000 00000000 00000000 00000000 00000001 00000000 00000000 00000000 00000000 00000000
b3b664aa 003fe3f9 00000000 00000000 abcd8000 12347e00 00000000 00000000 00000000 00000000 00000001 00000000 00000000 00000000 00000000 00000000
b3b664aa 003f1b85 00000000 00000000 abcd0000 1234fc00 00000000 00000000 00000000 00000000 00000001 00000000 00000000 00000000 00000000 00000000
b3b664aa 003fe3f9 00000000 00000000 abcd7c00 1234fe01 00000000 00000000 00000000 00000000 00000001 00000000 00000000 00000000 00000000 00000000
b3b664aa 003e5a55 00000000 00000000 abcdfc00 12340000 00000000 00000000 00000000 00000000 00000001 00000000 00000000 00000000 00000000 00000000
b3b664aa 003e5a55 00000000 00000000 abcdbc00 12340001 00000000 00000000 00000000 00000000 00000001 00000000 00000000 00000000 00000000 00000000
b3b664aa 003a9365 00000000 00000000 abcd3c00 12343c00 00000000 00000000 00000000 00000000 00000001 00000000 00000000 00000000 00000000 00000000
b3b664aa 003fe3f9 00000000 00000000 abcd7e00 12347e00 00000000 00000000 00000000 00000000 00000001 00000000 00000000 00000000 00000000 00000000
b3b664aa 003fe3f9 00000000 00000000 abcd7e00 12343c00 00000000 00000000 00000000 00000000 00000001 00000000 00000000 00000000 00000000 00000000
b3b664aa 003fe3f9 00000000 00000000 abcd7e00 12348000 00000000 00000000 00000000 00000000 00000001 00000000 00000000 00000000 00000000 00000000
b3b664aa 003fe3f9 00000000 00000000 abcd7e00 12340000 00000000 00000000 00000000 00000000 00000001 00000000 00000000 00000000 00000000 00000000
b3b664aa 003fe3f9 00000000 00000000 abcd7e00 12347c00 00000000 00000000 00000000 00000000 00000001 00000000 00000000 00000000 00000000 00000000
b3b664aa 003fe3f9 00000000 00000000 abcd7e00 1234fc00 00000000 00000000 00000000 00000000 00000001 00000000 00000000 00000000 00000000 00000000
b3b664aa 003fe3f9 00000000 00000000 abcd7e00 1234bc00 00000000 00000000 00000000 00000000 00000001 00000000 00000000 00000000 00000000 00000000
b3b664aa 003fe3f9 00000000 00000000 abcd7e00 12343c00 00000000 00000000 00000000 00000000 00000001 00000000 00000000 00000000 00000000 00000000
b3b664aa 003fe3f9 00000000 00000000 abcd7e00 12340001 00000000 00000000 00000000 00000000 00000001 00000000 00000000 00000000 00000000 00000000
b3b664aa 003fe3f9 00000000 00000000 abcd7e00 12344248 00000000 00000000 00000000 00000000 00000001 00000000 00000000 00000000 00000000 00000000
b3b664aa 003fe3f9 00000000 00000000 abcd7e00 1234fe01 00000000 00000000 00000000 00000000 00000001 00000000 00000000 00000000 00000000 00000000
b3b664aa 003fe3f9 00000000 00000000 abcd7e00 1234c000 00000000 00000000 00000000 00000000 00000001 00000000 00000000 00000000 00000000 00000000
b3b664aa 003fe3f9 00000000 00000000 abcd3c00 12347e00 00000000 00000000 00000000 00000000 00000001 00000000 00000000 00000000 00000000 00000000
b3b664aa 003a9365 00000000 00000000 abcd3c00 12343c00 00000000 00000000 00000000 00000000 00000001 00000000 00000000 00000000 00000000 00000000
b3b664aa 003b1b85 00000000 00000000 abcd3c00 12348000 00000000 00000000 00000000 00000000 00000001 00000000 00000000 00000000 00000000 00000000
b3b664aa 003b1b85 00000000 00000000 abcd3c00 12340000 00000000 00000000 00000000 00000000 00000001 00000000 00000000 00000000 00000000 00000000
b3b664aa 003e5a55 00000000 00000000 abcd3c00 12347c00 00000000 00000000 00000000 00000000 00000001 00000000 00000000 00000000 00000000 00000000
b3b664aa 003f1b85 00000000 00000000 abcd3c00 1234fc00 00000000 00000000 00000000 00000000 00000001 00000000 00000000 00000000 00000000 00000000
b3b664aa 003b1b85 00000000 00000000 abcd3c00 1234bc00 00000000 00000000 00000000 00000000 00000001 00000000 00000000 00000000 00000000 00000000
b3b664aa 003a9365 00000000 00000000 abcd3c00 12343c00 00000000 00000000 00000000 00000000 00000001 00000000 00000000 00000000 00000000 00000000
b3b664aa 003b1b85 00000000 00000000 abcd3c00 12340001 00000000 00000000 00000000 00000000 00000001 00000000 00000000 00000000 00000000 00000000
b3b664aa 003e5a55 00000000 00000000 abcd3c00 12344248 00000000 00000000 00000000 00000000 00000001 00000000 00000000 00000000 00000000 00000000
b3b664aa 003fe3f9 00000000 00000000 abcd3c00 1234fe01 00000000 00000000 00000000 00000000 00000001 00000000 00000000 00000000 00000000 00000000
b3b664aa 003f1b85 00000000 00000000 abcd3c00 1234c000 00000000 00000000 00000000 00000000 00000001 00000000 00000000 00000000 00000000 00000000
b3b664aa 003fe3f9 00000000 00000000 abcd8000 12347e00 00000000 00000000 00000000 00000000 00000001 00000000 00000000 00000000 00000000 00000000
b3b664aa 003e5a55 00000000 00000000 abcd8000 12343c00 00000000 00000000 00000000 00000000 00000001 00000000 00000000 00000000 00000000 00000000
b3b664aa 003a9365 00000000 00000000 abcd8000 12348000 00000000 00000000 00000000 00000000 00000001 00000000 00000000 00000000 00000000 00000000
b3b664aa 003a9365 00000000 00000000 abcd8000 12340000 00000000 00000000 00000000 00000000 00000001 00000000 00000000 00000000 00000000 00000000
b3b664aa 003e5a55 00000000 00000000 abcd8000 12347c00 00000000 00000000 00000000 00000000 00000001 00000000 00000000 00000000 00000000 00000000
b3b664aa 003f1b85 00000000 00000000 abcd8000 1234fc00 00000000 00000000 00000000 00000000 00000001 00000000 00000000 00000000 00000000 00000000
b3b664aa 003f1b85 00000000 00000000 abcd8000 1234bc00 00000000 00000000 00000000 00000000 00000001 00000000 00000000 00000000 00000000 00000000
b3b664aa 003e5a55 00000000 00000000 abcd8000 12343c00 00000000 00000000 00000000 00000000 00000001 00000000 00000000 00000000 00000000 00000000
b3b664aa 003a9365 00000000 00000000 abcd8000 12340001 00000000 00000000 00000000 00000000 00000001 00000000 00000000 00000000 00000000 00000000
b3b664aa 003e5a55 00000000 00000000 abcd8000 12344248 00000000 00000000 00000000 00000000 00000001 00000000 00000000 00000000 00000000 00000000
b3b664aa 003fe3f9 00000000 00000000 abcd8000 1234fe01 00000000 00000000 00000000 00000000 00000001 00000000 00000000 00000000 00000000 00000000
b3b664aa 003f1b85 00000000 00000000 abcd8000 1234c000 00000000 00000000 00000000 00000000 00000001 00000000 00000000 00000000 00000000 00000000
b3b664aa 003fe3f9 00000000 00000000 abcd0000 12347e00 00000000 00000000 00000000 00000000 00000001 00000000 00000000 00000000 00000000 00000000
b3b664aa 003e5a55 00000000 00000000 abcd0000 12343c00 00000000 00000000 00000000 00000000 00000001 00000000 00000000 00000000 00000000 00000000
b3b664aa 003a9365 00000000 00000000 abcd0000 12348000 00000000 00000000 00000000 00000000 00000001 00000000 00000000 00000000 00000000 00000000
b3b664aa 003a9365 00000000 00000000 abcd0000 12340000 00000000 00000000 00000000 00000000 00000001 00000000 00000000 00000000 00000000 00000000
b3b664aa 003e5a55 00000000 00000000 abcd0000 12347c00 00000000 00000000 00000000 00000000 00000001 00000000 00000000 00000000 00000000 00000000
b3b664aa 003f1b85 00000000 00000000 abcd0000 1234fc00 00000000 00000000 00000000 00000000 00000001 00000000 00000000 00000000 00000000 00000000
b3b664aa 003f1b85 00000000 00000000 abcd0000 1234bc00 00000000 00000000 00000000 00000000 00000001 00000000 00000000 00000000 00000000 00000000
b3b664aa 003e5a55 00000000 00000000 abcd0000 12343c00 00000000 00000000 00000000 00000000 00000001 00000000 00000000 00000000 00000000 00000000
b3b664aa 003a9365 00000000 00000000 abcd0000 12340001 00000000 00000000 00000000 00000000 00000001 00000000 00000000 00000000 00000000 00000000
b3b664aa 003e5a55 00000000 00000000 abcd0000 12344248 00000000 00000000 00000000 00000000 00000001 00000000 00000000 00000000 00000000 00000000
b3b664aa 003fe3f9 00000000 00000000 abcd0000 1234fe01 00000000 00000000 00000000 00000000 00000001 00000000 00000000 00000000 00000000 00000000
b3b664aa 003f1b85 00000000 00000000 abcd0000 1234c000 00000000 00000000 00000000 00000000 00000001 00000000 00000000 00000000 00000000 00000000
b3b664aa 003fe3f9 00000000 00000000 abcd7c00 12347e00 00000000 00000000 00000000 00000000 00000001 00000000 00000000 00000000 00000000 00000000
b3b664aa 003b1b85 00000000 00000000 abcd7c00 12343c00 00000000 00000000 00000000 00000000 00000001 00000000 00000000 00000000 00000000 00000000
b3b664aa 003b1b85 00000000 00000000 abcd7c00 12348000 00000000 00000000 00000000 00000000 00000001 00000000 00000000 00000000 00000000 00000000
b3b664aa 003b1b85 00000000 00000000 abcd7c00 12340000 00000000 00000000 00000000 00000000 00000001 00000000 00000000 00000000 00000000 00000000
b3b664aa 003a9365 00000000 00000000 abcd7c00 12347c00 00000000 00000000 00000000 00000000 00000001 00000000 00000000 00000000 00000000 00000000
b3b664aa 003b1b85 00000000 00000000 abcd7c00 1234fc00 00000000 00000000 00000000 00000000 00000001 00000000 00000000 00000000 00000000 00000000
b3b664aa 003b1b85 00000000 00000000 abcd7c00 1234bc00 00000000 00000000 00000000 00000000 00000001 00000000 00000000 00000000 00000000 00000000
b3b664aa 003b1b85 00000000 00000000 abcd7c00 12343c00 00000000 00000000 00000000 00000000 00000001 00000000 00000000 00000000 00000000 00000000
b3b664aa 003b1b85 00000000 00000000 abcd7c00 12340001 00000000 00000000 00000000 00000000 00000001 00000000 00000000 00000000 00000000 00000000
b3b664aa 003b1b85 00000000 00000000 abcd7c00 12344248 00000000 00000000 00000000 00000000 00000001 00000000 00000000 00000000 00000000 00000000
b3b664aa 003fe3f9 00000000 00000000 abcd7c00 1234fe01 00000000 00000000 00000000 00000000 00000001 00000000 00000000 00000000 00000000 00000000
b3b664aa 003b1b85 00000000 00000000 abcd7c00 1234c000 00000000 00000000 00000000 00000000 00000001 00000000 00000000 00000000 00000000 00000000
b3b664aa 003fe3f9 00000000 00000000 abcdfc00 12347e00 00000000 00000000 00000000 00000000 00000001 00000000 00000000 00000000 00000000 00000000
b3b664aa 003e5a55 00000000 00000000 abcdfc00 12343c00 00000000 00000000 00000000 00000000 00000001 00000000 00000000 00000000 00000000 00000000
b3b664aa 003e5a55 00000000 00000000 abcdfc00 12348000 00000000 00000000 00000000 00000000 00000001 00000000 00000000 00000000 00000000 00000000
b3b664aa 003e5a55 00000000 00000000 abcdfc00 12340000 00000000 00000000 00000000 00000000 00000001 00000000 00000000 00000000 00000000 00000000
b3b664aa 003e5a55 00000000 00000000 abcdfc00 12347c00 00000000 00000000 00000000 00000000 00000001 00000000 00000000 00000000 00000000 00000000
b3b664aa 003e9365 00000000 00000000 abcdfc00 1234fc00 00000000 00000000 00000000 00000000 00000001 00000000 00000000 00000000 00000000 00000000
b3b664aa 003e5a55 00000000 00000000 abcdfc00 1234bc00 00000000 00000000 00000000 00000000 00000001 00000000 00000000 00000000 00000000 00000000
b3b664aa 003e5a55 00000000 00000000 abcdfc00 12343c00 00000000 00000000 00000000 00000000 00000001 00000000 00000000 00000000 00000000 00000000
b3b664aa 003e5a55 00000000 00000000 abcdfc00 12340001 00000000 00000000 00000000 00000000 00000001 00000000 00000000 00000000 00000000 00000000
b3b664aa 003e5a55 00000000 00000000 abcdfc00 12344248 00000000 00000000 00000000 00000000 00000001 00000000 00000000 00000000 00000000 00000000
b3b664aa 003fe3f9 00000000 00000000 abcdfc00 1234fe01 00000000 00000000 00000000 00000000 00000001 00000000 00000000 00000000 00000000 00000000
b3b664aa 003e5a55 00000000 00000000 abcdfc00 1234c000 00000000 00000000 00000000 00000000 00000001 00000000 00000000 00000000 00000000 00000000
b3b664aa 003fe3f9 00000000 00000000 abcdbc00 12347e00 00000000 00000000 00000000 00000000 00000001 00000000 00000000 00000000 00000000 00000000
b3b664aa 003e5a55 00000000 00000000 abcdbc00 12343c00 00000000 00000000 00000000 00000000 00000001 00000000 00000000 00000000 00000000 00000000
b3b664aa 003e5a55 00000000 00000000 abcdbc00 12348000 00000000 00000000 00000000 00000000 00000001 00000000 00000000 00000000 00000000 00000000
b3b664aa 003e5a55 00000000 00000000 abcdbc00 12340000 00000000 00000000 00000000 00000000 00000001 00000000 00000000 00000000 00000000 00000000
b3b664aa 003e5a55 00000000 00000000 abcdbc00 12347c00 00000000 00000000 00000000 00000000 00000001 00000000 00000000 00000000 00000000 00000000
b3b664aa 003f1b85 00000000 00000000 abcdbc00 1234fc00 00000000 00000000 00000000 00000000 00000001 00000000 00000000 00000000 00000000 00000000
b3b664aa 003e9365 00000000 00000000 abcdbc00 1234bc00 00000000 00000000 00000000 00000000 00000001 00000000 00000000 00000000 00000000 00000000
b3b664aa 003e5a55 00000000 00000000 abcdbc00 12343c00 00000000 00000000 00000000 00000000 00000001 00000000 00000000 00000000 00000000 00000000
b3b664aa 003e5a55 00000000 00000000 abcdbc00 12340001 00000000 00000000 00000000 00000000 00000001 00000000 00000000 00000000 00000000 00000000
b3b664aa 003e5a55 00000000 00000000 abcdbc00 12344248 00000000 00000000 00000000 00000000 00000001 00000000 00000000 00000000 00000000 00000000
b3b664aa 003fe3f9 00000000 00000000 abcdbc00 1234fe01 00000000 00000000 00000000 00000000 00000001 00000000 00000000 00000000 00000000 00000000
b3b664aa 003f1b85 00000000 00000000 abcdbc00 1234c000 00000000 00000000 00000000 00000000 00000001 00000000 00000000 00000000 00000000 00000000
b3b664aa 003fe3f9 00000000 00000000 abcd3c00 12347e00 00000000 00000000 00000000 00000000 00000001 00000000 00000000 00000000 00000000 00000000
b3b664aa 003a9365 00000000 00000000 abcd3c00 12343c00 00000000 00000000 00000000 00000000 00000001 00000000 00000000 00000000 00000000 00000000
b3b664aa 003b1b85 00000000 00000000 abcd3c00 12348000 00000000 00000000 00000000 00000000 00000001 00000000 00000000 00000000 00000000 00000000
b3b664aa 003b1b85 00000000 00000000 abcd3c00 12340000 00000000 00000000 00000000 00000000 00000001 00000000 00000000 00000000 00000000 00000000
b3b664aa 003e5a55 00000000 00000000 abcd3c00 12347c00 00000000 00000000 00000000 00000000 00000001 00000000 00000000 00000000 00000000 00000000
b3b664aa 003f1b85 00000000 00000000 abcd3c00 1234fc00 00000000 00000000 00000000 00000000 00000001 00000000 00000000 00000000 00000000 00000000
b3b664aa 003b1b85 00000000 00000000 abcd3c00 1234bc00 00000000 00000000 00000000 00000000 00000001 00000000 00000000 00000000 00000000 00000000
b3b664aa 003a9365 00000000 00000000 abcd3c00 12343c00 00000000 00000000 00000000 00000000 00000001 00000000 00000000 00000000 00000000 00000000
b3b664aa 003b1b85 00000000 00000000 abcd3c00 12340001 00000000 00000000 00000000 00000000 00000001 00000000 00000000 00000000 00000000 00000000
b3b664aa 003e5a55 00000000 00000000 abcd3c00 12344248 00000000 00000000 00000000 00000000 00000001 00000000 00000000 00000000 00000000 00000000
b3b664aa 003fe3f9 00000000 00000000 abcd3c00 1234fe01 00000000 00000000 00000000 00000000 00000001 00000000 00000000 00000000 00000000 00000000
b3b664aa 003f1b85 00000000 00000000 abcd3c00 1234c000 00000000 00000000 00000000 00000000 00000001 00000000 00000000 00000000 00000000 00000000
b3b664aa 003fe3f9 00000000 00000000 abcd0001 12347e00 00000000 00000000 00000000 00000000 00000001 00000000 00000000 00000000 00000000 00000000
b3b664aa 003e5a55 00000000 00000000 abcd0001 12343c00 00000000 00000000 00000000 00000000 00000001 00000000 00000000 00000000 00000000 00000000
b3b664aa 003a9365 00000000 00000000 abcd0001 12348000 00000000 00000000 00000000 00000000 00000001 00000000 00000000 00000000 00000000 00000000
b3b664aa 003a9365 00000000 00000000 abcd0001 12340000 00000000 00000000 00000000 00000000 00000001 00000000 00000000 00000000 00000000 00000000
b3b664aa 003e5a55 00000000 00000000 abcd0001 12347c00 00000000 00000000 00000000 00000000 00000001 00000000 00000000 00000000 00000000 00000000
b3b664aa 003f1b85 00000000 00000000 abcd0001 1234fc00 00000000 00000000 00000000 00000000 00000001 00000000 00000000 00000000 00000000 00000000
b3b664aa 003f1b85 00000000 00000000 abcd0001 1234bc00 00000000 00000000 00000000 00000000 00000001 00000000 00000000 00000000 00000000 00000000
b3b664aa 003e5a55 00000000 00000000 abcd0001 12343c00 00000000 00000000 00000000 00000000 00000001 00000000 00000000 00000000 00000000 00000000
b3b664aa 003a9365 00000000 00000000 abcd0001 12340001 00000000 00000000 00000000 00000000 00000001 00000000 00000000 00000000 00000000 00000000
b3b664aa 003e5a55 00000000 00000000 abcd0001 12344248 00000000 00000000 00000000 00000000 00000001 00000000 00000000 00000000 00000000 00000000
b3b664aa 003fe3f9 00000000 00000000 abcd0001 1234fe01 00000000 00000000 00000000 00000000 00000001 00000000 00000000 00000000 00000000 00000000
b3b664aa 003f1b85 00000000 00000000 abcd0001 1234c000 00000000 00000000 00000000 00000000 00000001 00000000 00000000 00000000 00000000 00000000
b3b664aa 003fe3f9 00000000 00000000 abcd4248 12347e00 00000000 00000000 00000000 00000000 00000001 00000000 00000000 00000000 00000000 00000000
b3b664aa 003b1b85 00000000 00000000 abcd4248 12343c00 00000000 00000000 00000000 00000000 00000001 00000000 00000000 00000000 00000000 00000000
b3b664aa 003b1b85 00000000 00000000 abcd4248 12348000 00000000 00000000 00000000 00000000 00000001 00000000 00000000 00000000 00000000 00000000
b3b664aa 003b1b85 00000000 00000000 abcd4248 12340000 00000000 00000000 00000000 00000000 00000001 00000000 00000000 00000000 00000000 00000000
b3b664aa 003e5a55 00000000 00000000 abcd4248 12347c00 00000000 00000000 00000000 00000000 00000001 00000000 00000000 00000000 00000000 00000000
b3b664aa 003f1b85 00000000 00000000 abcd4248 1234fc00 00000000 00000000 00000000 00000000 00000001 00000000 00000000 00000000 00000000 00000000
b3b664aa 003b1b85 00000000 00000000 abcd4248 1234bc00 00000000 00000000 00000000 00000000 00000001 00000000 00000000 00000000 00000000 00000000
b3b664aa 003b1b85 00000000 00000000 abcd4248 12343c00 00000000 00000000 00000000 00000000 00000001 00000000 00000000 00000000 00000000 00000000
b3b664aa 003b1b85 00000000 00000000 abcd4248 12340001 00000000 00000000 00000000 00000000 00000001 00000000 00000000 00000000 00000000 00000000
b3b664aa 003a9365 00000000 00000000 abcd4248 12344248 00000000 00000000 00000000 00000000 00000001 00000000 00000000 00000000 00000000 00000000
b3b664aa 003fe3f9 00000000 00000000 abcd4248 1234fe01 00000000 00000000 00000000 00000000 00000001 00000000 00000000 00000000 00000000 00000000
b3b664aa 003b1b85 00000000 00000000 abcd4248 1234c000 00000000 00000000 00000000 00000000 00000001 00000000 00000000 00000000 00000000 00000000
b3b664aa 003fe3f9 00000000 00000000 abcdfe01 12347e00 00000000 00000000 00000000 00000000 00000001 00000000 00000000 00000000 00000000 00000000
b3b664aa 003fe3f9 00000000 00000000 abcdfe01 12343c00 00000000 00000000 00000000 00000000 00000001 00000000 00000000 00000000 00000000 00000000
b3b664aa 003fe3f9 00000000 00000000 abcdfe01 12348000 00000000 00000000 00000000 00000000 00000001 00000000 00000000 00000000 00000000 00000000
b3b664aa 003fe3f9 00000000 00000000 abcdfe01 12340000 00000000 00000000 00000000 00000000 00000001 00000000 00000000 00000000 00000000 00000000
b3b664aa 003fe3f9 00000000 00000000 abcdfe01 12347c00 00000000 00000000 00000000 00000000 00000001 00000000 00000000 00000000 00000000 00000000
b3b664aa 003fe3f9 00000000 00000000 abcdfe01 1234fc00 00000000 00000000 00000000 00000000 00000001 00000000 00000000 00000000 00000000 00000000
b3b664aa 003fe3f9 00000000 00000000 abcdfe01 1234bc00 00000000 00000000 00000000 00000000 00000001 00000000 00000000 00000000 00000000 00000000
b3b664aa 003fe3f9 00000000 00000000 abcdfe01 12343c00 00000000 00000000 00000000 00000000 00000001 00000000 00000000 00000000 00000000 00000000
b3b664aa 003fe3f9 00000000 00000000 abcdfe01 12340001 00000000 00000000 00000000 00000000 00000001 00000000 00000000 00000000 00000000 00000000
b3b664aa 003fe3f9 00000000 00000000 abcdfe01 12344248 00000000 00000000 00000000 00000000 00000001 00000000 00000000 00000000 00000000 00000000
b3b664aa 003fe3f9 00000000 00000000 abcdfe01 1234fe01 00000000 00000000 00000000 00000000 00000001 00000000 00000000 00000000 00000000 00000000
b3b664aa 003fe3f9 00000000 00000000 abcdfe01 1234c000 00000000 00000000 00000000 00000000 00000001 00000000 00000000 00000000 00000000 00000000
b3b664aa 003fe3f9 00000000 00000000 abcdc000 12347e00 00000000 00000000 00000000 00000000 00000001 00000000 00000000 00000000 00000000 00000000
b3b664aa 003e5a55 00000000 00000000 abcdc000 12343c00 00000000 00000000 00000000 00000000 00000001 00000000 00000000 00000000 00000000 00000000
b3b664aa 003e5a55 00000000 00000000 abcdc000 12348000 00000000 00000000 00000000 00000000 00000001 00000000 00000000 00000000 00000000 00000000
b3b664aa 003e5a55 00000000 00000000 abcdc000 12340000 00000000 00000000 00000000 00000000 00000001 00000000 00000000 00000000 00000000 00000000
b3b664aa 003e5a55 00000000 00000000 abcdc000 12347c00 00000000 00000000 00000000 00000000 00000001 00000000 00000000 00000000 00000000 00000000
b3b664aa 003f1b85 00000000 00000000 abcdc000 1234fc00 00000000 00000000 00000000 00000000 00000001 00000000 00000000 00000000 00000000 00000000
b3b664aa 003e5a55 00000000 00000000 abcdc000 1234bc00 00000000 00000000 00000000 00000000 00000001 00000000 00000000 00000000 00000000 00000000
b3b664aa 003e5a55 00000000 00000000 abcdc000 12343c00 00000000 00000000 00000000 00000000 00000001 00000000 00000000 00000000 00000000 00000000
b3b664aa 003e5a55 00000000 00000000 abcdc000 12340001 00000000 00000000 00000000 00000000 00000001 00000000 00000000 00000000 00000000 00000000
b3b664aa 003e5a55 00000000 00000000 abcdc000 12344248 00000000 00000000 00000000 00000000 00000001 00000000 00000000 00000000 00000000 00000000
b3b664aa 003fe3f9 00000000 00000000 abcdc000 1234fe01 00000000 00000000 00000000 00000000 00000001 00000000 00000000 00000000 00000000 00000000
b3b664aa 003e9365 00000000 00000000 abcdc000 1234c000 00000000 00000000 00000000 00000000 00000001 00000000 00000000 00000000 00000000 00000000
b3b664aa 003fe3f9 00000000 00000000 abcd7e00 12347e00 00000000 00000000 00000000 00000000 00000001 00000000 00000000 00000000 00000000 00000000
b3b664aa 003fe3f9 00000000 00000000 abcd7e00 12343c00 00000000 00000000 00000000 00000000 00000001 00000000 00000000 00000000 00000000 00000000
b3b664aa 003fe3f9 00000000 00000000 abcd7e00 12348000 00000000 00000000 00000000 00000000 00000001 00000000 00000000 00000000 00000000 00000000
b3b664aa 003fe3f9 00000000 00000000 abcd7e00 12340000 00000000 00000000 00000000 00000000 00000001 00000000 00000000 00000000 00000000 00000000
b3b664aa 003fe3f9 00000000 00000000 abcd7e00 12347c00 00000000 00000000 00000000 00000000 00000001 00000000 00000000 00000000 00000000 00000000
b3b664aa 003fe3f9 00000000 00000000 abcd7e00 1234fc00 00000000 00000000 00000000 00000000 00000001 00000000 00000000 00000000 00000000 00000000
b3b664aa 003fe3f9 00000000 00000000 abcd7e00 1234bc00 00000000 00000000 00000000 00000000 00000001 00000000 00000000 00000000 00000000 00000000
b3b664aa 003fe3f9 00000000 00000000 abcd7e00 12343c00 00000000 00000000 00000000 00000000 00000001 00000000 00000000 00000000 00000000 00000000
b3b664aa 003fe3f9 00000000 00000000 abcd7e00 12340001 00000000 00000000 00000000 00000000 00000001 00000000 00000000 00000000 00000000 00000000
b3b664aa 003fe3f9 00000000 00000000 abcd7e00 12344248 00000000 00000000 00000000 00000000 00000001 00000000 00000000 00000000 00000000 00000000
b3b664aa 003fe3f9 00000000 00000000 abcd7e00 1234fe01 00000000 00000000 00000000 00000000 00000001 00000000 00000000 00000000 00000000 00000000
b3b664aa 003fe3f9 00000000 00000000 abcd7e00 1234c000 00000000 00000000 00000000 00000000 00000001 00000000 00000000 00000000 00000000 00000000
b3b664aa 003fe3f9 00000000 00000000 abcd3c00 12347e00 00000000 00000000 00000000 00000000 00000001 00000000 00000000 00000000 00000000 00000000
b3b664aa 003a9365 00000000 00000000 abcd3c00 12343c00 00000000 00000000 00000000 00000000 00000001 00000000 00000000 00000000 00000000 00000000
b3b664aa 003b1b85 00000000 00000000 abcd3c00 12348000 00000000 00000000 00000000 00000000 00000001 00000000 00000000 00000000 00000000 00000000
b3b664aa 003b1b85 00000000 00000000 abcd3c00 12340000 00000000 00000000 00000000 00000000 00000001 00000000 00000000 00000000 00000000 00000000
