00001002 00001002 00001001 00001030 00001020 00001000 00001007 00001006 00001007 00001005 00001005 00000000 00000000 00000000 00000000 00000000
00002002 00002002 00002001 00002030 00002020 00002000 00002007 00002006 00002007 00002005 00002005 00000000 00000000 00000000 00000000 00000000
00003002 00003002 00003001 00003030 00003020 00003000 00003007 00003006 00003007 00003005 00003005 00000000 00000000 00000000 00000000 00000000
00004002 00004002 00004001 00004030 00004020 00004000 00004007 00004006 00004007 00004005 00004005 00000000 00000000 00000000 00000000 00000000
00005002 00005002 00005001 00005030 00005020 00005000 00005007 00005006 00005007 00005005 00005005 00000000 00000000 00000000 00000000 00000000
00006002 00006002 00006001 00006030 00006020 00006000 00006007 00006006 00006007 00006005 00006005 00000000 00000000 00000000 00000000 00000000
00007002 00007002 00007001 00007030 00007020 00007000 00007007 00007006 00007007 00007005 00007005 00000000 00000000 00000000 00000000 00000000
00008002 00008002 00008001 00008030 00008020 00008000 00008007 00008006 00008007 00008005 00008005 00000000 00000000 00000000 00000000 00000000
00009002 00009002 00009001 00009030 00009020 00009000 00009007 00009006 00009007 00009005 00009005 00000000 00000000 00000000 00000000 00000000
0000a002 0000a002 0000a001 0000a030 0000a020 0000a000 0000a007 0000a006 0000a007 0000a005 0000a005 00000000 00000000 00000000 00000000 00000000
0000b002 0000b002 0000b001 0000b030 0000b020 0000b000 0000b007 0000b006 0000b007 0000b005 0000b005 00000000 00000000 00000000 00000000 00000000
0000c002 0000c002 0000c001 0000c030 0000c020 0000c000 0000c007 0000c006 0000c007 0000c005 0000c005 00000000 00000000 00000000 00000000 00000000
0000d002 0000d002 0000d001 0000d030 0000d020 0000d000 0000d007 0000d006 0000d007 0000d005 0000d005 00000000 00000000 00000000 00000000 00000000
0000e002 0000e002 0000e001 0000e030 0000e020 0000e000 0000e007 0000e006 0000e007 0000e005 0000e005 00000000 00000000 00000000 00000000 00000000
0000f002 0000f002 0000f001 0000f030 0000f020 0000f000 0000f007 0000f006 0000f007 0000f005 0000f005 00000000 00000000 00000000 00000000 00000000
00010002 00010002 00010001 00010030 00010020 00010000 00010007 00010006 00010007 00010005 00010005 00000000 00000000 00000000 00000000 00000000
00011002 00011002 00011001 00011030 00011020 00011000 00011007 00011006 00011007 00011005 00011005 00000000 00000000 00000000 00000000 00000000
00012002 00012002 00012001 00012030 00012020 00012000 00012007 00012006 00012007 00012005 00012005 00000000 00000000 00000000 00000000 00000000
00013002 00013002 00013001 00013030 00013020 00013000 00013007 00013006 00013007 00013005 00013005 00000000 00000000 00000000 00000000 00000000
00014002 00014002 00014001 00014030 00014020 00014000 00014007 00014006 00014007 00014005 00014005 00000000 00000000 00000000 00000000 00000000
00015002 00015002 00015001 00015030 00015020 00015000 00015007 00015006 00015007 00015005 00015005 00000000 00000000 00000000 00000000 00000000
00016002 00016002 00016001 00016030 00016020 00016000 00016007 00016006 00016007 00016005 00016005 00000000 00000000 00000000 00000000 00000000
00017002 00017002 00017001 00017030 00017020 00017000 00017007 00017006 00017007 00017005 00017005 00000000 00000000 00000000 00000000 00000000
00018002 00018002 00018001 00018030 00018020 00018000 00018007 00018006 00018007 00018005 00018005 00000000 00000000 00000000 00000000 00000000
00019002 00019002 00019001 00019030 00019020 00019000 00019007 00019006 00019007 00019005 00019005 00000000 00000000 00000000 00000000 00000000
0001a002 0001a002 0001a001 0001a030 0001a020 0001a000 0001a007 0001a006 0001a007 0001a005 0001a005 00000000 00000000 00000000 00000000 00000000
0001b002 0001b002 0001b001 0001b030 0001b020 0001b000 0001b007 0001b006 0001b007 0001b005 0001b005 00000000 00000000 00000000 00000000 00000000
0001c002 0001c002 0001c001 0001c030 0001c020 0001c000 0001c007 0001c006 0001c007 0001c005 0001c005 00000000 00000000 00000000 00000000 00000000
0001d002 0001d002 0001d001 0001d030 0001d020 0001d000 0001d007 0001d006 0001d007 0001d005 0001d005 00000000 00000000 00000000 00000000 00000000
0001e002 0001e002 0001e001 0001e030 0001e020 0001e000 0001e007 0001e006 0001e007 0001e005 0001e005 00000000 00000000 00000000 00000000 00000000
0001f002 0001f002 0001f001 0001f030 0001f020 0001f000 0001f007 0001f006 0001f007 0001f005 0001f005 00000000 00000000 00000000 00000000 00000000
00020002 00020002 00020001 00020030 00020020 00020000 00020007 00020006 00020007 00020005 00020005 00000000 00000000 00000000 00000000 00000000
