00000004 00000000 00002222 00000003
00000004 00000000 00002222 00000003
00000004 00000000 00002222 00000003
00000004 00000000 00002222 00000003
00000004 00000000 00002222 00000003
00000004 00000000 00002222 00000003
00000004 00000000 00002222 00000003
00000004 00000000 00002222 00000003
00000004 00000000 00002222 00000003
00000004 00000000 00002222 00000003
00000004 00000000 00002222 00000003
00000004 00000000 00002222 00000003
00000004 00000000 00002222 00000003
00000004 00000000 00002222 00000003
00000004 00000000 00002222 00000003
00000004 00000000 00002222 00000003
00000004 00000000 00002222 00000003
00000004 00000000 00002222 00000003
00000004 00000000 00002222 00000003
00000004 00000000 00002222 00000003
00000004 00000000 00002222 00000003
00000004 00000000 00002222 00000003
00000004 00000000 00002222 00000003
00000004 00000000 00002222 00000003
00000004 00000000 00002222 00000003
00000004 00000000 00002222 00000003
00000004 00000000 00002222 00000003
00000004 00000000 00002222 00000003
00000004 00000000 00002222 00000003
00000004 00000000 00002222 00000003
00000004 00000000 00002222 00000003
00000004 00000000 00002222 00000003
