00000000 00000000 00001234 00000000 00000000 00000000 00000000 00000000 00000000 00000000 00000000 00000000 00000000 00000000 00000000 00000000
ffff0000 ffff0000 ffff1733 ffffffff ffffffff ffffffff ffffffff 00000000 00000000 00000000 00000000 00000000 00000000 00000000 00000000 00000000
80800000 80800000 8080183a 80808080 80808080 80808080 80808080 00000000 00000000 00000000 00000000 00000000 00000000 00000000 00000000 00000000
7f7f0000 7f7f0000 7f7f1d21 7f7f7f7f 7f7f7f7f 7f7f7f7f 7f7f7f7f 00000000 00000000 00000000 00000000 00000000 00000000 00000000 00000000 00000000
00ff0000 00ff0000 00ff0628 000000ff 000000ff 000000ff 000000ff 00000000 00000000 00000000 00000000 00000000 00000000 00000000 00000000 00000000
ff000000 ff000000 ff000b17 0000ff00 0000ff00 0000ff00 00000000 00000000 00000000 00000000 00000000 00000000 00000000 00000000 00000000 00000000
00000000 00000000 00000c1e 00ff0000 00ff0000 00ff0000 00ff0000 00000000 00000000 00000000 00000000 00000000 00000000 00000000 00000000 00000000
00000000 00000000 00003105 ff000000 ff000000 ff000000 00000000 00000000 00000000 00000000 00000000 00000000 00000000 00000000 00000000 00000000
00800000 00800000 00803a0c 00000080 00000080 00000080 80808080 00000000 00000000 00000000 00000000 00000000 00000000 00000000 00000000 00000000
80000000 80000000 80003f0b 00008000 00008000 00008000 00008000 00000000 00000000 00000000 00000000 00000000 00000000 00000000 00000000 00000000
00000000 00000000 00002072 00800000 00800000 00800000 00000000 00000000 00000000 00000000 00000000 00000000 00000000 00000000 00000000 00000000
00000000 00000000 00002579 80000000 80000000 80000000 80000000 00000000 00000000 00000000 00000000 00000000 00000000 00000000 00000000 00000000
007f0000 007f0000 007f2e60 0000007f 0000007f 0000007f 0000007f 00000000 00000000 00000000 00000000 00000000 00000000 00000000 00000000 00000000
7fff0000 7fff0000 7fff536f 00007fff 00007fff 00007fff ffffffff 00000000 00000000 00000000 00000000 00000000 00000000 00000000 00000000 00000000
ffff0000 ffff0000 ffff5456 007fffff 007fffff 007fffff 007fffff 00000000 00000000 00000000 00000000 00000000 00000000 00000000 00000000 00000000
ffff0000 ffff0000 ffff595d 7fffffff 7fffffff 7fffffff ffffffff 00000000 00000000 00000000 00000000 00000000 00000000 00000000 00000000 00000000
03840000 03840000 03844244 01020384 01020384 01020384 84848484 00000000 00000000 00000000 00000000 00000000 00000000 00000000 00000000 00000000
f3060000 f3060000 f3064743 8504f306 8504f306 8504f306 8504f306 00000000 00000000 00000000 00000000 00000000 00000000 00000000 00000000 00000000
56780000 56780000 5678484a 12345678 12345678 12345678 78787878 00000000 00000000 00000000 00000000 00000000 00000000 00000000 00000000 00000000
def00000 def00000 def04db1 9abcdef0 9abcdef0 9abcdef0 9abcdef0 00000000 00000000 00000000 00000000 00000000 00000000 00000000 00000000 00000000
ba980000 ba980000 ba9876b8 fedcba98 fedcba98 fedcba98 fedcba98 00000000 00000000 00000000 00000000 00000000 00000000 00000000 00000000 00000000
32100000 32100000 32107ba7 76543210 76543210 76543210 10101010 00000000 00000000 00000000 00000000 00000000 00000000 00000000 00000000 00000000
00ff0000 00ff0000 00ff7cae 00ff00ff 00ff00ff 00ff00ff 00ff00ff 00000000 00000000 00000000 00000000 00000000 00000000 00000000 00000000 00000000
ff000000 ff000000 ff006195 ff00ff00 ff00ff00 ff00ff00 00000000 00000000 00000000 00000000 00000000 00000000 00000000 00000000 00000000 00000000
7fff0000 7fff0000 7fff6a9c 80007fff 80007fff 80007fff ffffffff 00000000 00000000 00000000 00000000 00000000 00000000 00000000 00000000 00000000
80000000 80000000 80006f9b 7fff8000 7fff8000 7fff8000 7fff8000 00000000 00000000 00000000 00000000 00000000 00000000 00000000 00000000 00000000
815a0000 815a0000 815a9082 c3a5815a c3a5815a c3a5815a 5a5a5a5a 00000000 00000000 00000000 00000000 00000000 00000000 00000000 00000000 00000000
a5c30000 a5c30000 a5c39589 5a81a5c3 5a81a5c3 5a81a5c3 5a81a5c3 00000000 00000000 00000000 00000000 00000000 00000000 00000000 00000000 00000000
2d3c0000 2d3c0000 2d3c9ef0 0f1e2d3c 0f1e2d3c 0f1e2d3c 0f1e2d3c 00000000 00000000 00000000 00000000 00000000 00000000 00000000 00000000 00000000
d2c30000 d2c30000 d2c383ff f0e1d2c3 f0e1d2c3 f0e1d2c3 c3c3c3c3 00000000 00000000 00000000 00000000 00000000 00000000 00000000 00000000 00000000
80010000 80010000 800184e6 40c08001 40c08001 40c08001 40c08001 00000000 00000000 00000000 00000000 00000000 00000000 00000000 00000000 00000000
beef0000 beef0000 beef89ed deadbeef deadbeef deadbeef efefefef 00000000 00000000 00000000 00000000 00000000 00000000 00000000 00000000 00000000
00000000 00000000 0000b2d4 00000000 00000000 00000000 00000000 00000000 00000000 00000000 00000000 00000000 00000000 00000000 00000000 00000000
ffff0000 ffff0000 ffffb7d3 ffffffff ffffffff ffffffff ffffffff 00000000 00000000 00000000 00000000 00000000 00000000 00000000 00000000 00000000
80800000 80800000 8080b8da 80808080 80808080 80808080 80808080 00000000 00000000 00000000 00000000 00000000 00000000 00000000 00000000 00000000
7f7f0000 7f7f0000 7f7fbdc1 7f7f7f7f 7f7f7f7f 7f7f7f7f 7f7f7f7f 00000000 00000000 00000000 00000000 00000000 00000000 00000000 00000000 00000000
ff000000 ff000000 ff00a6c8 0000ff00 0000ff00 0000ff00 00000000 00000000 00000000 00000000 00000000 00000000 00000000 00000000 00000000 00000000
00000000 00000000 0000a837 00ff0000 00ff0000 00ff0000 00000000 00000000 00000000 00000000 00000000 00000000 00000000 00000000 00000000 00000000
00000000 00000000 0000ad3e ff000000 ff000000 ff000000 ff000000 00000000 00000000 00000000 00000000 00000000 00000000 00000000 00000000 00000000
00ff0000 00ff0000 00ffd625 000000ff 000000ff 000000ff 000000ff 00000000 00000000 00000000 00000000 00000000 00000000 00000000 00000000 00000000
80000000 80000000 8000db2c 00008000 00008000 00008000 00008000 00000000 00000000 00000000 00000000 00000000 00000000 00000000 00000000 00000000
00000000 00000000 0000dc2b 00800000 00800000 00800000 00800000 00000000 00000000 00000000 00000000 00000000 00000000 00000000 00000000 00000000
00000000 00000000 0000c112 80000000 80000000 80000000 00000000 00000000 00000000 00000000 00000000 00000000 00000000 00000000 00000000 00000000
00800000 00800000 0080ca19 00000080 00000080 00000080 80808080 00000000 00000000 00000000 00000000 00000000 00000000 00000000 00000000 00000000
7f000000 7f000000 7f00cf00 00007f00 00007f00 00007f00 00000000 00000000 00000000 00000000 00000000 00000000 00000000 00000000 00000000 00000000
ff000000 ff000000 ff00f00f 007fff00 007fff00 007fff00 00000000 00000000 00000000 00000000 00000000 00000000 00000000 00000000 00000000 00000000
ff000000 ff000000 ff00f576 7fffff00 7fffff00 7fffff00 7fffff00 00000000 00000000 00000000 00000000 00000000 00000000 00000000 00000000 00000000
ff7f0000 ff7f0000 ff7ffe7d ffffff7f ffffff7f ffffff7f ffffff7f 00000000 00000000 00000000 00000000 00000000 00000000 00000000 00000000 00000000
84010000 84010000 8401e364 02038401 02038401 02038401 02038401 00000000 00000000 00000000 00000000 00000000 00000000 00000000 00000000 00000000
06850000 06850000 0685e463 04f30685 04f30685 04f30685 04f30685 00000000 00000000 00000000 00000000 00000000 00000000 00000000 00000000 00000000
78120000 78120000 7812e96a 34567812 34567812 34567812 12121212 00000000 00000000 00000000 00000000 00000000 00000000 00000000 00000000 00000000
f09a0000 f09a0000 f09a1251 bcdef09a bcdef09a bcdef09a 9a9a9a9a 00000000 00000000 00000000 00000000 00000000 00000000 00000000 00000000 00000000
98fe0000 98fe0000 98fe1758 dcba98fe dcba98fe dcba98fe fefefefe 00000000 00000000 00000000 00000000 00000000 00000000 00000000 00000000 00000000
10760000 10760000 10761847 54321076 54321076 54321076 76767676 00000000 00000000 00000000 00000000 00000000 00000000 00000000 00000000 00000000
ff000000 ff000000 ff001d4e ff00ff00 ff00ff00 ff00ff00 ff00ff00 00000000 00000000 00000000 00000000 00000000 00000000 00000000 00000000 00000000
00ff0000 00ff0000 00ff06b5 00ff00ff 00ff00ff 00ff00ff 00ff00ff 00000000 00000000 00000000 00000000 00000000 00000000 00000000 00000000 00000000
ff800000 ff800000 ff800bbc 007fff80 007fff80 007fff80 007fff80 00000000 00000000 00000000 00000000 00000000 00000000 00000000 00000000 00000000
007f0000 007f0000 007f0cbb ff80007f ff80007f ff80007f ff80007f 00000000 00000000 00000000 00000000 00000000 00000000 00000000 00000000 00000000
5ac30000 5ac30000 5ac331a2 a5815ac3 a5815ac3 a5815ac3 c3c3c3c3 00000000 00000000 00000000 00000000 00000000 00000000 00000000 00000000 00000000
c35a0000 c35a0000 c35a3aa9 81a5c35a 81a5c35a 81a5c35a 5a5a5a5a 00000000 00000000 00000000 00000000 00000000 00000000 00000000 00000000 00000000
3c0f0000 3c0f0000 3c0f3f90 1e2d3c0f 1e2d3c0f 1e2d3c0f 0f0f0f0f 00000000 00000000 00000000 00000000 00000000 00000000 00000000 00000000 00000000
c3f00000 c3f00000 c3f0209f e1d2c3f0 e1d2c3f0 e1d2c3f0 f0f0f0f0 00000000 00000000 00000000 00000000 00000000 00000000 00000000 00000000 00000000
01400000 01400000 01402586 c0800140 c0800140 c0800140 c0800140 00000000 00000000 00000000 00000000 00000000 00000000 00000000 00000000 00000000
efde0000 efde0000 efde2e8d adbeefde adbeefde adbeefde adbeefde 00000000 00000000 00000000 00000000 00000000 00000000 00000000 00000000 00000000
