00000040 ffffffc0 00000040 ffffffc0 ffff8001 00000000 ffff8001 00000000 00000000 00000000 00000000 00000000 00000000 00000000 00000000 69b8aa2e
00010000 00000001 00010000 00000001 00000000 00000000 00000000 00000000 00000000 00000000 00000000 00000000 00000000 00000000 00000000 49a6d3a9
00000000 00000000 00000000 00000000 00007ffe edcba987 00007ffe edcba987 00000000 00000000 00000000 00000000 00000000 00000000 00000000 2e38aa2e
00000000 00000000 00000000 00000000 00000000 00000000 00000000 00000000 00000000 00000000 00000000 00000000 00000000 00000000 00000000 12cb4988
4b2e075e 900ccab0 4b2e075e 900ccab0 00000000 2142210e 00000000 2142210e 00000000 00000000 00000000 00000000 00000000 00000000 00000000 69a6d26e
0000511f 55550000 0000511f 55550000 8b290000 00002aaa 8b290000 00002aaa 00000000 00000000 00000000 00000000 00000000 00000000 00000000 69b8ae2e
00000000 69d71172 00000000 69d71172 00008000 00000000 00008000 00000000 00000000 00000000 00000000 00000000 00000000 00000000 00000000 6e38d398
0f0f0000 00e00030 0f0f0000 00e00030 0000f0f0 830ef503 0000f0f0 830ef503 00000000 00000000 00000000 00000000 00000000 00000000 00000000 69a6ab86
7fffffdf 00000000 7fffffdf 00000000 00000000 00000000 00000000 00000000 00000000 00000000 00000000 00000000 00000000 00000000 00000000 49a6d389
00000003 1fb17c23 00000003 1fb17c23 00f000f0 80000000 00f000f0 80000000 00000000 00000000 00000000 00000000 00000000 00000000 00000000 6e38d38e
00010000 0000000e 00010000 0000000e 00000003 11111100 00000003 11111100 00000000 00000000 00000000 00000000 00000000 00000000 00000000 69a6ab89
40000000 00000000 40000000 00000000 12345678 77312f10 12345678 77312f10 00000000 00000000 00000000 00000000 00000000 00000000 00000000 69a6d38e
00000000 12bc4acc 00000000 12bc4acc 00000000 00000001 00000000 00000001 00000000 00000000 00000000 00000000 00000000 00000000 00000000 72cad22e
d9178aaa 90019392 d9178aaa 90019392 00000000 69442c09 00000000 69442c09 00000000 00000000 00000000 00000000 00000000 00000000 00000000 6e26d38e
80000000 00000000 80000000 00000000 00020001 00000000 00020001 00000000 00000000 00000000 00000000 00000000 00000000 00000000 00000000 6e26ab8e
30158230 00c070f0 30158230 00c070f0 0d426c8b 0e0b090b 0d426c8b 0e0b090b 00000000 00000000 00000000 00000000 00000000 00000000 00000000 69a6cb8e
00004dd6 00000001 00004dd6 00000001 5aff0000 dee38f30 5aff0000 dee38f30 00000000 00000000 00000000 00000000 00000000 00000000 00000000 6e38cb8e
00006fc3 41000009 00006fc3 41000009 7f1b0000 0a008c20 7f1b0000 0a008c20 00000000 00000000 00000000 00000000 00000000 00000000 00000000 6e38cb8e
0222c0b5 00000000 0222c0b5 00000000 d8091b42 f0f0f0d0 d8091b42 f0f0f0d0 00000000 00000000 00000000 00000000 00000000 00000000 00000000 69b8aa6e
0f0f0f00 519088f5 0f0f0f00 519088f5 00000030 00000000 00000030 00000000 00000000 00000000 00000000 00000000 00000000 00000000 00000000 69a6d389
00000000 00000000 00000000 00000000 00000000 00000000 00000000 00000000 00000000 00000000 00000000 00000000 00000000 00000000 00000000 12cb5389
00000000 00000000 00000000 00000000 00000001 00000000 00000001 00000000 00000000 00000000 00000000 00000000 00000000 00000000 00000000 2e38ab89
00000000 00007ffe 00000000 00007ffe 00000000 00000000 00000000 00000000 00000000 00000000 00000000 00000000 00000000 00000000 00000000 52caca6e
00000003 7a86f7a2 00000003 7a86f7a2 7afa2c68 80000000 7afa2c68 80000000 00000000 00000000 00000000 00000000 00000000 00000000 00000000 6e38ab8e
00000000 dd02de92 00000000 dd02de92 00000000 00000001 00000000 00000001 00000000 00000000 00000000 00000000 00000000 00000000 00000000 72cad26e
55555554 00000000 55555554 00000000 00000020 00000000 00000020 00000000 00000000 00000000 00000000 00000000 00000000 00000000 00000000 69a6d389
00000000 00000000 00000000 00000000 31f41707 00000000 31f41707 00000000 00000000 00000000 00000000 00000000 00000000 00000000 00000000 2e38ab8e
f4de0000 00020001 f4de0000 00020001 000053f7 00000040 000053f7 00000040 00000000 00000000 00000000 00000000 00000000 00000000 00000000 6e26a988
00000000 00000000 00000000 00000000 00010000 00000000 00010000 00000000 00000000 00000000 00000000 00000000 00000000 00000000 00000000 2e38d38e
00000000 00010003 00000000 00010003 00000000 00000040 00000000 00000040 00000000 00000000 00000000 00000000 00000000 00000000 00000000 72caaa6e
09044c10 070d7109 09044c10 070d7109 5410a060 80000000 5410a060 80000000 00000000 00000000 00000000 00000000 00000000 00000000 00000000 6e38d38e
88001000 27610004 88001000 27610004 052901e0 98021390 052901e0 98021390 00000000 00000000 00000000 00000000 00000000 00000000 00000000 6e26d38e
