00002023 00002022 00002023 00000077 00002034 00002035 00002030 00002022 00002023 00002030 00002031 00002032 00002030 00002031 00002022 00002026
00002023 00002022 00002023 00000077 00002034 00002035 00002030 00002022 00002023 00002030 00002031 00002032 00002030 00002031 00002022 00002026
00002023 00002022 00002023 00000077 00002034 00002035 00002030 00002022 00002023 00002030 00002031 00002032 00002030 00002031 00002022 00002026
00002023 00002022 00002023 00000077 00002034 00002035 00002030 00002022 00002023 00002030 00002031 00002032 00002030 00002031 00002022 00002026
00002023 00002022 00002023 00000077 00002034 00002035 00002030 00002022 00002023 00002030 00002031 00002032 00002030 00002031 00002022 00002026
00002023 00002022 00002023 00000077 00002034 00002035 00002030 00002022 00002023 00002030 00002031 00002032 00002030 00002031 00002022 00002026
00002023 00002022 00002023 00000077 00002034 00002035 00002030 00002022 00002023 00002030 00002031 00002032 00002030 00002031 00002022 00002026
00002023 00002022 00002023 00000077 00002034 00002035 00002030 00002022 00002023 00002030 00002031 00002032 00002030 00002031 00002022 00002026
00002023 00002022 00002023 00000077 00002034 00002035 00002030 00002022 00002023 00002030 00002031 00002032 00002030 00002031 00002022 00002026
00002023 00002022 00002023 00000077 00002034 00002035 00002030 00002022 00002023 00002030 00002031 00002032 00002030 00002031 00002022 00002026
00002023 00002022 00002023 00000077 00002034 00002035 00002030 00002022 00002023 00002030 00002031 00002032 00002030 00002031 00002022 00002026
00002023 00002022 00002023 00000077 00002034 00002035 00002030 00002022 00002023 00002030 00002031 00002032 00002030 00002031 00002022 00002026
00002023 00002022 00002023 00000077 00002034 00002035 00002030 00002022 00002023 00002030 00002031 00002032 00002030 00002031 00002022 00002026
00002023 00002022 00002023 00000077 00002034 00002035 00002030 00002022 00002023 00002030 00002031 00002032 00002030 00002031 00002022 00002026
00002023 00002022 00002023 00000077 00002034 00002035 00002030 00002022 00002023 00002030 00002031 00002032 00002030 00002031 00002022 00002026
00002023 00002022 00002023 00000077 00002034 00002035 00002030 00002022 00002023 00002030 00002031 00002032 00002030 00002031 00002022 00002026
00002023 00002022 00002023 00000077 00002034 00002035 00002030 00002022 00002023 00002030 00002031 00002032 00002030 00002031 00002022 00002026
00002023 00002022 00002023 00000077 00002034 00002035 00002030 00002022 00002023 00002030 00002031 00002032 00002030 00002031 00002022 00002026
00002023 00002022 00002023 00000077 00002034 00002035 00002030 00002022 00002023 00002030 00002031 00002032 00002030 00002031 00002022 00002026
00002023 00002022 00002023 00000077 00002034 00002035 00002030 00002022 00002023 00002030 00002031 00002032 00002030 00002031 00002022 00002026
00002023 00002022 00002023 00000077 00002034 00002035 00002030 00002022 00002023 00002030 00002031 00002032 00002030 00002031 00002022 00002026
00002023 00002022 00002023 00000077 00002034 00002035 00002030 00002022 00002023 00002030 00002031 00002032 00002030 00002031 00002022 00002026
00002023 00002022 00002023 00000077 00002034 00002035 00002030 00002022 00002023 00002030 00002031 00002032 00002030 00002031 00002022 00002026
00002023 00002022 00002023 00000077 00002034 00002035 00002030 00002022 00002023 00002030 00002031 00002032 00002030 00002031 00002022 00002026
00002023 00002022 00002023 00000077 00002034 00002035 00002030 00002022 00002023 00002030 00002031 00002032 00002030 00002031 00002022 00002026
00002023 00002022 00002023 00000077 00002034 00002035 00002030 00002022 00002023 00002030 00002031 00002032 00002030 00002031 00002022 00002026
00002023 00002022 00002023 00000077 00002034 00002035 00002030 00002022 00002023 00002030 00002031 00002032 00002030 00002031 00002022 00002026
00002023 00002022 00002023 00000077 00002034 00002035 00002030 00002022 00002023 00002030 00002031 00002032 00002030 00002031 00002022 00002026
00002023 00002022 00002023 00000077 00002034 00002035 00002030 00002022 00002023 00002030 00002031 00002032 00002030 00002031 00002022 00002026
00002023 00002022 00002023 00000077 00002034 00002035 00002030 00002022 00002023 00002030 00002031 00002032 00002030 00002031 00002022 00002026
00002023 00002022 00002023 00000077 00002034 00002035 00002030 00002022 00002023 00002030 00002031 00002032 00002030 00002031 00002022 00002026
00002023 00002022 00002023 00000077 00002034 00002035 00002030 00002022 00002023 00002030 00002031 00002032 00002030 00002031 00002022 00002026
